1 6251
2 6250
3 6249
4 6248
5 6247
6 6246
7 6245
8 6244
9 6243
10 6242
11 6241
12 6240
13 6239
14 6238
15 6237
16 6236
17 6235
18 6234
19 6233
20 6232
21 6231
22 6230
23 6229
24 6228
25 6227
26 6226
27 6225
28 6224
29 6223
30 6222
31 6221
32 6220
33 6219
34 6218
35 6217
36 6216
37 6215
38 6214
39 6213
40 6212
41 6211
42 6210
43 6209
44 6208
45 6207
46 6206
47 6205
48 6204
49 6203
50 6202
51 6201
52 6200
53 6199
54 6198
55 6197
56 6196
57 6195
58 6194
59 6193
60 6192
61 6191
62 6190
63 6189
64 6188
65 6187
66 6186
67 6185
68 6184
69 6183
70 6182
71 6181
72 6180
73 6179
74 6178
75 6177
76 6176
77 6175
78 6174
79 6173
80 6172
81 6171
82 6170
83 6169
84 6168
85 6167
86 6166
87 6165
88 6164
89 6163
90 6162
91 6161
92 6160
93 6159
94 6158
95 6157
96 6156
97 6155
98 6154
99 6153
100 6152
101 6151
102 6150
103 6149
104 6148
105 6147
106 6146
107 6145
108 6144
109 6143
110 6142
111 6141
112 6140
113 6139
114 6138
115 6137
116 6136
117 6135
118 6134
119 6133
120 6132
121 6131
122 6130
123 6129
124 6128
125 6127
126 6126
127 6125
128 6124
129 6123
130 6122
131 6121
132 6120
133 6119
134 6118
135 6117
136 6116
137 6115
138 6114
139 6113
140 6112
141 6111
142 6110
143 6109
144 6108
145 6107
146 6106
147 6105
148 6104
149 6103
150 6102
151 6101
152 6100
153 6099
154 6098
155 6097
156 6096
157 6095
158 6094
159 6093
160 6092
161 6091
162 6090
163 6089
164 6088
165 6087
166 6086
167 6085
168 6084
169 6083
170 6082
171 6081
172 6080
173 6079
174 6078
175 6077
176 6076
177 6075
178 6074
179 6073
180 6072
181 6071
182 6070
183 6069
184 6068
185 6067
186 6066
187 6065
188 6064
189 6063
190 6062
191 6061
192 6060
193 6059
194 6058
195 6057
196 6056
197 6055
198 6054
199 6053
200 6052
201 6051
202 6050
203 6049
204 6048
205 6047
206 6046
207 6045
208 6044
209 6043
210 6042
211 6041
212 6040
213 6039
214 6038
215 6037
216 6036
217 6035
218 6034
219 6033
220 6032
221 6031
222 6030
223 6029
224 6028
225 6027
226 6026
227 6025
228 6024
229 6023
230 6022
231 6021
232 6020
233 6019
234 6018
235 6017
236 6016
237 6015
238 6014
239 6013
240 6012
241 6011
242 6010
243 6009
244 6008
245 6007
246 6006
247 6005
248 6004
249 6003
250 6002
251 6001
252 6000
253 5999
254 5998
255 5997
256 5996
257 5995
258 5994
259 5993
260 5992
261 5991
262 5990
263 5989
264 5988
265 5987
266 5986
267 5985
268 5984
269 5983
270 5982
271 5981
272 5980
273 5979
274 5978
275 5977
276 5976
277 5975
278 5974
279 5973
280 5972
281 5971
282 5970
283 5969
284 5968
285 5967
286 5966
287 5965
288 5964
289 5963
291 5962
292 5961
293 5960
294 5959
295 5958
296 5957
297 5956
298 5955
299 5954
300 5953
301 5952
302 5951
303 5950
304 5949
305 5948
306 5947
307 5946
308 5945
309 5944
310 5943
311 5942
312 5941
313 5940
314 5939
315 5938
316 5937
317 5936
318 5935
319 5934
320 5933
321 5932
322 5931
323 5930
324 5929
325 5928
326 5927
327 5926
328 5925
329 5924
330 5923
331 5922
332 5921
333 5920
334 5919
335 5918
336 5917
337 5916
338 5915
339 5914
340 5913
341 5912
342 5911
343 5910
344 5909
345 5908
346 5907
347 5906
348 5905
349 5904
350 5903
351 5902
352 5901
353 5900
354 5899
355 5898
356 5897
357 5896
358 5895
359 5894
360 5893
361 5892
362 5891
363 5890
364 5889
365 5888
366 5887
367 5886
368 5885
369 5884
370 5883
371 5882
372 5881
373 5880
374 5879
375 5878
376 5877
377 5876
378 5875
379 5874
380 5873
381 5872
382 5871
383 5870
384 5869
385 5868
386 5867
387 5866
388 5865
389 5864
390 5863
391 5862
392 5861
393 5860
394 5859
395 5858
396 5857
397 5856
398 5855
399 5854
400 5853
401 5852
402 5851
403 5850
404 5849
405 5848
406 5847
407 5846
408 5845
409 5844
410 5843
411 5842
412 5841
413 5840
414 5839
415 5838
416 5837
417 5836
418 5835
419 5834
420 5833
421 5832
422 5831
423 5830
424 5829
425 5828
426 5827
427 5826
428 5825
429 5824
430 5823
431 5822
432 5821
433 5820
434 5819
435 5818
436 5817
437 5816
438 5815
439 5814
440 5813
441 5812
442 5811
443 5810
444 5809
445 5808
446 5807
447 5806
448 5805
449 5804
450 5803
451 5802
452 5801
453 5800
454 5799
455 5798
456 5797
457 5796
458 5795
459 5794
460 5793
461 5792
462 5791
463 5790
464 5789
465 5788
466 5787
467 5786
468 5785
469 5784
470 5783
471 5782
472 5781
473 5780
474 5779
475 5778
476 5777
477 5776
478 5775
479 5774
480 5773
481 5772
482 5771
483 5770
484 5769
485 5768
486 5767
487 5766
488 5765
489 5764
490 5763
491 5762
492 5761
493 5760
494 5759
495 5758
496 5757
497 5756
498 5755
499 5754
500 5753
501 5752
502 5751
503 5750
504 5749
505 5748
506 5747
507 5746
508 5745
509 5744
510 5743
511 5742
512 5741
513 5740
514 5739
515 5738
516 5737
517 5736
518 5735
519 5734
520 5733
521 5732
522 5731
523 5730
524 5729
525 5728
526 5727
527 5726
528 5725
529 5724
530 5723
531 5722
532 5721
533 5720
534 5719
535 5718
536 5717
537 5716
538 5715
539 5714
540 5713
541 5712
542 5711
543 5710
544 5709
545 5708
546 5707
547 5706
548 5705
549 5704
550 5703
551 5702
552 5701
553 5700
554 5699
555 5698
556 5697
557 5696
558 5695
559 5694
560 5693
562 5691
563 5690
564 5689
565 5688
566 5687
567 5686
568 5685
569 5684
570 5683
571 5682
572 5681
573 5680
574 5679
575 5678
576 5677
577 5676
578 5675
579 5674
580 5673
581 5672
582 5671
583 5670
584 5669
585 5668
586 5667
587 5666
588 5665
589 5664
590 5663
591 5662
592 5661
593 5660
594 5659
595 5658
596 5657
597 5656
598 5655
599 5654
600 5653
601 5652
602 5651
603 5650
604 5649
605 5648
606 5647
607 5646
608 5645
609 5644
610 5643
611 5642
612 5641
613 5640
614 5639
615 5638
616 5637
617 5636
618 5635
619 5634
620 5633
621 5632
622 5631
623 5630
624 5629
625 5628
626 5627
627 5626
628 5625
629 5624
630 5623
631 5622
632 5621
633 5620
634 5619
635 5618
636 5617
637 5616
638 5615
639 5614
640 5613
641 5612
642 5611
644 5609
645 5608
646 5607
647 5606
648 5605
649 5604
650 5603
651 5602
652 5601
653 5600
654 5599
655 5598
656 5597
657 5596
658 5595
659 5594
660 5593
661 5592
662 5591
663 5590
664 5589
665 5588
666 5587
667 5586
668 5585
669 5584
670 5583
671 5582
672 5581
673 5580
674 5579
675 5578
676 5577
677 5576
678 5575
679 5574
680 5573
681 5572
682 5571
683 5570
684 5569
685 5568
686 5567
687 5566
688 5565
689 5564
690 5563
691 5562
692 5561
693 5560
694 5559
695 5558
696 5557
697 5556
698 5555
699 5554
700 5553
701 5552
702 5551
703 5550
704 5549
705 5548
706 5547
707 5546
708 5545
709 5544
710 5543
711 5542
712 5541
713 5540
714 5539
715 5538
716 5537
717 5536
718 5535
719 5534
720 5533
721 5532
722 5531
723 5530
724 5529
725 5528
726 5527
727 5526
728 5525
729 5524
730 5523
731 5522
732 5521
733 5520
734 5519
735 5518
736 5517
737 5516
738 5515
739 5514
740 5513
741 5512
742 5511
743 5510
744 5509
745 5508
746 5507
747 5506
748 5505
749 5504
750 5503
751 5502
752 5501
753 5500
754 5499
755 5498
756 5497
757 5496
758 5495
759 5494
760 5492
761 5491
762 5490
763 5489
764 5488
765 5487
766 5486
767 5485
768 5484
769 5483
770 5482
771 5481
772 5480
773 5479
774 5478
775 5477
776 5476
777 5475
778 5474
779 5473
780 5472
781 5471
782 5470
783 5469
784 5468
785 5467
786 5466
787 5465
788 5464
789 5463
790 5462
791 5461
792 5460
793 5459
794 5458
795 5457
796 5456
797 5455
798 5454
799 5453
800 5452
801 5451
802 5450
803 5449
804 5448
805 5447
806 5446
807 5445
808 5444
809 5443
810 5442
811 5441
812 5440
813 5439
814 5438
815 5437
816 5436
817 5435
818 5434
819 5433
820 5432
821 5431
822 5430
823 5429
824 5428
825 5427
826 5426
827 5425
828 5424
829 5423
830 5422
831 5421
832 5420
833 5419
834 5418
835 5417
836 5416
837 5415
838 5414
839 5413
840 5412
841 5411
842 5410
843 5409
844 5408
845 5407
846 5406
847 5405
848 5404
849 5403
850 5402
851 5401
852 5400
853 5399
854 5398
855 5397
856 5396
857 5395
858 5394
859 5393
860 5392
861 5391
862 5390
863 5389
864 5388
865 5387
866 5386
867 5385
868 5384
869 5383
870 5382
871 5381
872 5380
873 5379
874 5378
875 5377
876 5376
877 5375
878 5374
879 5373
880 5372
881 5371
882 5370
883 5369
884 5368
885 5367
886 5366
887 5365
888 5364
889 5363
890 5362
891 5361
892 5360
893 5359
894 5358
895 5357
896 5356
897 5355
898 5354
899 5353
900 5352
901 5351
902 5350
903 5349
904 5348
905 5347
906 5346
907 5345
908 5344
909 5343
910 5342
911 5341
912 5340
913 5339
914 5338
915 5337
916 5336
917 5335
918 5334
919 5333
920 5332
921 5331
922 5330
923 5329
924 5328
925 5327
926 5326
927 5325
928 5324
929 5323
930 5322
931 5321
932 5320
933 5319
934 5318
935 5317
936 5316
937 5315
938 5314
939 5313
940 5312
941 5311
942 5310
943 5309
944 5308
945 5307
946 5306
947 5305
948 5304
949 5303
950 5302
951 5301
952 5300
953 5299
954 5298
955 5297
956 5296
957 5295
958 5294
959 5293
960 5292
961 5291
962 5290
963 5289
964 5288
965 5287
966 5286
967 5285
968 5284
969 5283
970 5282
971 5281
972 5280
973 5279
974 5278
975 5277
976 5276
977 5275
978 5274
979 5273
980 5272
981 5271
982 5270
983 5269
984 5268
985 5267
986 5266
987 5265
988 5264
989 5263
990 5262
991 5261
992 5260
993 5259
994 5258
995 5257
996 5256
997 5255
998 5254
999 5253
1000 5252
1001 5251
1002 5250
1003 5249
1004 5248
1005 5247
1006 5246
1007 5245
1008 5244
1009 5243
1010 5242
1011 5241
1012 5240
1013 5239
1014 5238
1015 5237
1016 5236
1017 5235
1018 5234
1019 5233
1020 5232
1021 5231
1022 5230
1023 5229
1024 5228
1025 5227
1026 5226
1027 5225
1028 5224
1029 5223
1030 5222
1031 5221
1032 5220
1033 5219
1034 5218
1035 5217
1036 5216
1037 5215
1038 5214
1039 5213
1040 5212
1041 5211
1042 5210
1043 5209
1044 5208
1045 5207
1046 5206
1047 5205
1048 5204
1049 5203
1050 5202
1051 5201
1052 5200
1053 5199
1054 5198
1055 5197
1056 5196
1057 5195
1058 5194
1059 5193
1060 5192
1061 5191
1062 5190
1063 5189
1064 5188
1065 5187
1066 5186
1067 5185
1068 5184
1069 5183
1070 5182
1071 5181
1072 5180
1073 5179
1074 5178
1075 5177
1076 5176
1077 5175
1078 5174
1079 5173
1080 5172
1081 5171
1082 5170
1083 5169
1084 5168
1085 5167
1086 5166
1087 5165
1088 5164
1089 5163
1090 5162
1091 5161
1092 5160
1093 5159
1094 5158
1095 5157
1096 5156
1097 5155
1098 5154
1099 5153
1100 5152
1101 5151
1102 5150
1103 5149
1104 5148
1105 5147
1106 5146
1107 5145
1108 5144
1109 5143
1110 5142
1111 5141
1112 5140
1113 5139
1114 5138
1115 5137
1116 5136
1117 5135
1118 5134
1119 5133
1120 5132
1121 5131
1122 5130
1123 5129
1124 5128
1125 5127
1126 5126
1127 5125
1128 5124
1129 5123
1130 5122
1131 5121
1132 5120
1133 5119
1134 5118
1135 5117
1136 5116
1137 5115
1138 5114
1139 5113
1140 5112
1141 5111
1142 5110
1143 5109
1144 5108
1145 5107
1146 5106
1147 5105
1148 5104
1149 5103
1150 5102
1151 5101
1152 5100
1153 5099
1154 5098
1155 5097
1156 5096
1157 5095
1158 5094
1159 5093
1160 5092
1161 5091
1162 5090
1163 5089
1164 5088
1165 5087
1166 5086
1167 5085
1168 5084
1169 5083
1170 5082
1171 5081
1172 5080
1173 5079
1174 5078
1175 5077
1176 5076
1177 5075
1178 5074
1179 5073
1180 5072
1181 5071
1182 5070
1183 5069
1184 5068
1185 5067
1186 5066
1187 5065
1188 5064
1189 5063
1190 5062
1191 5061
1192 5060
1193 5059
1194 5058
1195 5057
1196 5056
1197 5055
1198 5054
1199 5053
1200 5052
1201 5051
1202 5050
1203 5049
1204 5048
1205 5047
1206 5046
1207 5045
1208 5044
1209 5043
1210 5042
1211 5041
1212 5040
1213 5039
1214 5038
1215 5037
1216 5036
1217 5035
1218 5034
1219 5033
1220 5032
1221 5031
1222 5030
1223 5029
1224 5028
1225 5027
1226 5026
1227 5025
1228 5024
1229 5023
1230 5022
1231 5021
1232 5020
1233 5019
1234 5018
1235 5017
1236 5016
1237 5015
1238 5014
1239 5013
1240 5012
1241 5011
1242 5010
1243 5009
1244 5008
1245 5007
1246 5006
1247 5005
1248 5004
1249 5003
1250 5002
1251 5001
1252 5000
1253 4999
1254 4998
1255 4997
1256 4996
1257 4995
1258 4994
1259 4993
1260 4992
1261 4991
1262 4990
1263 4989
1264 4988
1265 4987
1266 4986
1267 4985
1268 4984
1269 4983
1270 4982
1271 4981
1272 4980
1273 4979
1274 4978
1275 4977
1276 4976
1277 4975
1278 4974
1279 4973
1280 4972
1281 4971
1282 4970
1283 4969
1284 4968
1285 4967
1286 4966
1287 4965
1288 4964
1289 4963
1290 4962
1291 4961
1292 4960
1293 4959
1294 4958
1295 4957
1296 4956
1297 4955
1298 4954
1299 4953
1300 4952
1301 4951
1302 4950
1303 4949
1304 4948
1305 4947
1306 4946
1307 4945
1308 4944
1309 4943
1310 4942
1311 4941
1312 4940
1313 4939
1314 4938
1315 4937
1316 4936
1317 4935
1318 4934
1319 4933
1320 4932
1321 4931
1322 4930
1323 4929
1324 4928
1325 4927
1326 4926
1327 4925
1328 4924
1329 4923
1330 4922
1331 4921
1332 4920
1333 4919
1334 4918
1335 4917
1336 4916
1337 4915
1338 4914
1339 4913
1340 4912
1341 4911
1342 4910
1343 4909
1344 4908
1345 4907
1346 4906
1347 4905
1348 4904
1349 4903
1350 4902
1351 4901
1352 4900
1353 4899
1354 4898
1355 4897
1356 4896
1357 4895
1358 4894
1359 4893
1360 4892
1361 4891
1362 4890
1363 4889
1364 4888
1365 4887
1366 4886
1367 4885
1368 4884
1369 4883
1370 4882
1371 4881
1372 4880
1373 4879
1374 4878
1375 4877
1376 4876
1377 4875
1378 4874
1379 4873
1380 4872
1381 4871
1382 4870
1383 4869
1384 4868
1385 4867
1386 4866
1387 4865
1388 4864
1389 4863
1390 4862
1391 4861
1392 4860
1393 4859
1394 4858
1395 4857
1396 4856
1397 4855
1398 4854
1399 4853
1400 4852
1401 4851
1402 4850
1403 4849
1404 4848
1405 4847
1406 4846
1407 4845
1408 4844
1409 4843
1410 4841
1411 4840
1412 4839
1413 4838
1414 4837
1415 4836
1416 4835
1417 4834
1418 4833
1419 4832
1420 4831
1421 4830
1422 4829
1423 4828
1424 4827
1425 4826
1426 4825
1427 4824
1428 4823
1429 4822
1430 4821
1431 4820
1432 4819
1433 4818
1434 4817
1435 4816
1436 4815
1437 4814
1438 4813
1439 4812
1440 4811
1441 4810
1442 4809
1443 4808
1444 4807
1445 4806
1446 4805
1447 4804
1448 4803
1449 4802
1450 4801
1451 4800
1452 4799
1453 4798
1454 4797
1455 4796
1456 4795
1457 4794
1458 4793
1459 4792
1460 4791
1461 4790
1462 4789
1463 4788
1464 4787
1465 4786
1466 4785
1467 4784
1468 4783
1469 4782
1470 4781
1471 4780
1472 4779
1473 4778
1474 4777
1475 4776
1476 4775
1477 4774
1478 4773
1479 4772
1480 4771
1481 4770
1482 4769
1483 4768
1484 4767
1485 4766
1486 4765
1487 4764
1488 4763
1489 4762
1490 4761
1491 4760
1492 4759
1493 4758
1494 4757
1495 4756
1496 4755
1497 4754
1498 4753
1499 4752
1500 4751
1501 4750
1502 4749
1503 4748
1504 4747
1505 4746
1506 4745
1507 4744
1508 4743
1509 4742
1510 4741
1511 4740
1512 4739
1513 4738
1514 4737
1515 4736
1516 4735
1517 4734
1518 4733
1519 4732
1520 4731
1521 4730
1522 4729
1523 4728
1524 4727
1525 4726
1526 4725
1527 4724
1528 4723
1529 4722
1530 4721
1531 4720
1532 4719
1533 4718
1534 4717
1535 4716
1536 4715
1537 4714
1538 4713
1539 4712
1540 4711
1541 4710
1542 4709
1543 4708
1544 4707
1545 4706
1546 4705
1547 4704
1548 4703
1549 4702
1550 4701
1551 4700
1552 4699
1553 4698
1554 4697
1555 4696
1556 4695
1557 4694
1558 4693
1559 4692
1560 4691
1561 4690
1562 4689
1563 4688
1564 4687
1565 4686
1566 4685
1567 4684
1568 4683
1569 4682
1570 4681
1571 4680
1572 4679
1573 4678
1574 4677
1575 4676
1576 4675
1577 4674
1578 4673
1579 4672
1580 4671
1581 4670
1582 4669
1583 4668
1584 4667
1585 4666
1586 4665
1587 4664
1588 4663
1589 4662
1590 4661
1591 4660
1592 4659
1593 4658
1594 4657
1595 4656
1596 4655
1597 4654
1598 4653
1599 4652
1600 4651
1601 4650
1602 4649
1603 4648
1604 4647
1605 4646
1606 4645
1607 4644
1608 4643
1609 4642
1610 4641
1611 4640
1612 4639
1613 4638
1614 4637
1615 4636
1616 4635
1617 4634
1618 4633
1619 4632
1620 4631
1621 4630
1622 4629
1623 4628
1624 4627
1625 4626
1626 4625
1627 4624
1628 4623
1629 4622
1630 4621
1631 4620
1632 4619
1633 4618
1634 4617
1635 4616
1636 4615
1637 4614
1638 4613
1639 4612
1640 4611
1641 4610
1642 4609
1643 4608
1644 4607
1645 4606
1646 4605
1647 4604
1648 4603
1649 4602
1650 4601
1651 4600
1652 4599
1653 4598
1654 4597
1655 4596
1656 4595
1657 4594
1658 4593
1659 4592
1660 4591
1661 4590
1662 4589
1663 4588
1664 4587
1665 4586
1666 4585
1667 4584
1668 4583
1669 4582
1670 4581
1671 4580
1672 4579
1673 4578
1674 4577
1675 4576
1676 4575
1677 4574
1678 4573
1679 4572
1680 4571
1681 4570
1682 4569
1683 4568
1684 4567
1685 4566
1686 4565
1687 4564
1688 4563
1689 4562
1690 4561
1691 4560
1692 4559
1693 4558
1694 4557
1695 4556
1696 4555
1697 4554
1698 4553
1699 4552
1700 4551
1701 4550
1702 4549
1703 4548
1704 4547
1705 4546
1706 4545
1707 4544
1708 4543
1709 4542
1710 4541
1711 4540
1712 4539
1713 4538
1714 4537
1715 4536
1716 4535
1717 4534
1718 4533
1719 4532
1720 4531
1721 4530
1722 4529
1723 4528
1724 4527
1725 4526
1726 4525
1727 4524
1728 4523
1729 4522
1730 4521
1731 4520
1732 4519
1733 4518
1734 4517
1735 4516
1736 4515
1737 4514
1738 4513
1739 4512
1740 4511
1741 4510
1742 4509
1743 4508
1744 4507
1745 4506
1746 4505
1747 4504
1748 4503
1749 4502
1750 4501
1751 4500
1752 4499
1753 4498
1754 4497
1755 4496
1756 4495
1757 4494
1758 4493
1759 4492
1760 4491
1761 4490
1762 4489
1763 4488
1764 4487
1765 4486
1766 4485
1767 4484
1768 4483
1769 4482
1770 4481
1771 4480
1772 4479
1773 4478
1774 4477
1775 4476
1776 4475
1777 4474
1778 4473
1779 4472
1780 4471
1781 4470
1782 4469
1783 4468
1784 4467
1785 4466
1786 4465
1787 4464
1788 4463
1789 4462
1790 4461
1791 4460
1792 4459
1793 4458
1794 4457
1795 4456
1796 4455
1797 4454
1798 4453
1799 4452
1800 4451
1801 4450
1802 4449
1803 4448
1804 4447
1805 4446
1806 4445
1807 4444
1808 4443
1809 4442
1810 4441
1811 4440
1812 4439
1813 4438
1814 4437
1815 4436
1816 4435
1817 4434
1818 4433
1819 4432
1820 4431
1821 4430
1822 4429
1823 4428
1824 4427
1825 4426
1826 4425
1827 4424
1828 4423
1829 4422
1830 4421
1831 4420
1832 4419
1833 4418
1834 4417
1835 4416
1836 4415
1837 4414
1838 4413
1839 4412
1840 4411
1841 4410
1842 4409
1843 4408
1844 4407
1845 4406
1846 4405
1847 4404
1848 4403
1849 4402
1850 4401
1851 4400
1852 4399
1853 4398
1854 4397
1855 4396
1856 4395
1857 4394
1858 4393
1859 4392
1860 4391
1861 4390
1862 4389
1863 4388
1864 4387
1865 4386
1866 4385
1867 4384
1868 4383
1869 4382
1870 4381
1871 4380
1872 4379
1873 4378
1874 4377
1875 4376
1876 4375
1877 4374
1878 4373
1879 4372
1880 4371
1881 4370
1882 4369
1883 4368
1884 4367
1885 4366
1886 4365
1887 4364
1888 4363
1889 4362
1890 4361
1891 4360
1892 4359
1893 4358
1894 4357
1895 4356
1896 4355
1897 4354
1898 4353
1899 4352
1900 4351
1901 4350
1902 4349
1903 4348
1904 4347
1905 4346
1906 4345
1907 4344
1908 4343
1909 4342
1910 4341
1911 4340
1912 4339
1913 4338
1914 4337
1915 4336
1916 4335
1917 4334
1918 4333
1919 4332
1920 4331
1921 4330
1922 4329
1923 4328
1924 4327
1925 4326
1926 4325
1927 4324
1928 4323
1929 4322
1930 4321
1931 4320
1932 4319
1933 4318
1934 4317
1935 4316
1936 4315
1937 4314
1938 4313
1939 4312
1940 4311
1941 4310
1942 4309
1943 4308
1944 4307
1945 4306
1946 4305
1947 4304
1948 4303
1949 4302
1950 4301
1951 4300
1952 4299
1953 4298
1954 4297
1955 4296
1956 4295
1957 4294
1958 4293
1959 4292
1960 4291
1961 4290
1962 4289
1963 4288
1964 4287
1965 4286
1966 4285
1967 4284
1968 4283
1969 4282
1970 4281
1971 4280
1972 4279
1973 4278
1974 4277
1975 4276
1976 4275
1977 4274
1978 4273
1979 4272
1980 4271
1981 4270
1982 4269
1983 4268
1984 4267
1985 4266
1986 4265
1987 4264
1988 4263
1989 4262
1990 4261
1991 4260
1992 4259
1993 4258
1994 4257
1995 4256
1996 4255
1997 4254
1998 4253
1999 4252
2000 4251
2001 4250
2002 4249
2003 4248
2004 4247
2005 4246
2006 4245
2007 4244
2008 4243
2009 4242
2010 4241
2011 4240
2012 4239
2013 4238
2014 4237
2015 4236
2016 4235
2017 4234
2018 4233
2019 4232
2020 4231
2021 4230
2022 4229
2023 4228
2024 4227
2025 4226
2026 4225
2027 4224
2028 4223
2029 4222
2030 4221
2031 4220
2032 4219
2033 4218
2034 4217
2035 4216
2036 4215
2037 4214
2038 4213
2039 4212
2040 4211
2041 4210
2042 4209
2043 4208
2044 4207
2045 4206
2046 4205
2047 4204
2048 4203
2049 4202
2050 4201
2051 4200
2052 4199
2053 4198
2054 4197
2055 4196
2056 4195
2057 4194
2058 4193
2059 4192
2060 4191
2061 4190
2062 4189
2063 4188
2064 4187
2065 4186
2066 4185
2067 4184
2068 4183
2069 4182
2070 4181
2071 4180
2072 4179
2073 4178
2074 4177
2075 4176
2076 4175
2077 4174
2078 4173
2079 4172
2080 4171
2081 4170
2082 4169
2083 4168
2084 4167
2085 4166
2086 4165
2087 4164
2088 4163
2089 4162
2090 4161
2091 4160
2092 4159
2093 4158
2094 4157
2095 4156
2096 4155
2097 4154
2098 4153
2099 4152
2100 4151
2101 4150
2102 4149
2103 4148
2104 4147
2105 4146
2106 4145
2107 4144
2108 4143
2109 4142
2110 4141
2111 4140
2112 4139
2113 4138
2114 4137
2115 4136
2116 4135
2117 4134
2118 4133
2119 4132
2120 4131
2121 4130
2122 4129
2123 4128
2124 4127
2125 4126
2126 4125
2127 4124
2128 4123
2129 4122
2130 4121
2131 4120
2132 4119
2133 4118
2134 4117
2135 4116
2136 4115
2137 4114
2138 4113
2139 4112
2140 4111
2141 4110
2142 4109
2143 4108
2144 4107
2145 4106
2146 4105
2147 4104
2148 4103
2149 4102
2150 4101
2151 4100
2152 4099
2153 4098
2154 4097
2155 4096
2156 4095
2157 4094
2158 4093
2159 4092
2160 4091
2161 4090
2162 4089
2163 4088
2164 4087
2165 4086
2166 4085
2167 4084
2168 4083
2169 4082
2170 4081
2171 4080
2172 4079
2173 4078
2174 4077
2175 4076
2176 4075
2177 4074
2178 4073
2179 4072
2180 4071
2181 4070
2182 4069
2183 4068
2184 4067
2185 4066
2186 4065
2187 4064
2188 4063
2189 4062
2190 4061
2191 4060
2192 4059
2193 4058
2194 4057
2195 4056
2196 4055
2197 4054
2198 4053
2199 4052
2200 4051
2201 4050
2202 4049
2203 4048
2204 4047
2205 4046
2206 4045
2207 4044
2208 4043
2209 4042
2210 4041
2211 4040
2212 4039
2213 4038
2214 4037
2215 4036
2216 4035
2217 4034
2218 4033
2219 4032
2220 4031
2221 4030
2222 4029
2223 4028
2224 4027
2225 4026
2226 4025
2227 4024
2228 4023
2229 4022
2230 4021
2231 4020
2232 4019
2233 4018
2234 4017
2235 4016
2236 4015
2237 4014
2238 4013
2239 4012
2240 4011
2241 4010
2242 4009
2243 4008
2244 4007
2245 4006
2246 4005
2247 4004
2248 4003
2249 4002
2250 4001
2251 4000
2252 3999
2253 3998
2254 3997
2255 3996
2256 3995
2257 3994
2258 3993
2259 3992
2260 3991
2261 3990
2262 3989
2263 3988
2264 3987
2265 3986
2266 3985
2267 3984
2268 3983
2269 3982
2270 3981
2271 3980
2272 3979
2273 3978
2274 3977
2275 3976
2276 3975
2277 3974
2278 3973
2279 3972
2280 3971
2281 3970
2282 3969
2283 3968
2284 3967
2285 3966
2286 3965
2287 3964
2288 3963
2289 3962
2290 3961
2291 3960
2292 3959
2293 3958
2294 3957
2295 3956
2296 3955
2297 3954
2298 3953
2299 3952
2300 3951
2301 3950
2302 3949
2303 3948
2304 3947
2305 3946
2306 3945
2307 3944
2308 3943
2309 3942
2310 3941
2311 3940
2312 3939
2313 3938
2314 3937
2315 3936
2316 3935
2317 3934
2318 3933
2319 3932
2320 3931
2321 3930
2322 3929
2323 3928
2324 3927
2325 3926
2326 3925
2327 3924
2328 3923
2329 3922
2330 3921
2331 3920
2332 3919
2333 3918
2334 3917
2335 3916
2336 3915
2337 3914
2338 3913
2339 3912
2340 3911
2341 3910
2342 3909
2343 3908
2344 3907
2345 3906
2346 3905
2347 3904
2348 3903
2349 3902
2350 3901
2351 3900
2352 3899
2353 3898
2354 3897
2355 3896
2356 3895
2357 3894
2358 3893
2359 3892
2360 3891
2361 3890
2362 3889
2363 3888
2364 3887
2365 3886
2366 3885
2367 3884
2368 3883
2369 3882
2370 3881
2371 3880
2372 3879
2373 3878
2374 3877
2375 3876
2376 3875
2377 3874
2378 3873
2379 3872
2380 3871
2381 3870
2382 3869
2383 3868
2384 3867
2385 3866
2386 3865
2387 3864
2388 3863
2389 3862
2390 3861
2391 3860
2392 3859
2393 3858
2394 3857
2395 3856
2396 3855
2397 3854
2398 3853
2399 3852
2400 3851
2401 3850
2402 3849
2403 3848
2404 3847
2405 3846
2406 3845
2407 3844
2408 3843
2409 3842
2410 3841
2411 3840
2412 3839
2413 3838
2414 3837
2415 3836
2416 3835
2417 3834
2418 3833
2419 3832
2420 3831
2421 3830
2422 3829
2423 3828
2424 3827
2425 3826
2426 3825
2427 3824
2428 3823
2429 3822
2430 3821
2431 3820
2432 3819
2433 3818
2434 3817
2435 3816
2436 3815
2437 3814
2438 3813
2439 3812
2440 3811
2441 3810
2442 3809
2443 3808
2444 3807
2445 3806
2446 3805
2447 3804
2448 3803
2449 3802
2450 3801
2451 3800
2452 3799
2453 3798
2454 3797
2455 3796
2456 3795
2457 3794
2458 3793
2459 3792
2460 3791
2461 3790
2462 3789
2463 3788
2464 3787
2465 3786
2466 3785
2467 3784
2468 3783
2469 3782
2470 3781
2471 3780
2472 3779
2473 3778
2474 3777
2475 3776
2476 3775
2477 3774
2478 3773
2479 3772
2480 3771
2481 3770
2482 3769
2483 3768
2484 3767
2485 3766
2486 3765
2487 3764
2488 3763
2489 3762
2490 3761
2491 3760
2492 3759
2493 3758
2494 3757
2495 3756
2496 3755
2497 3754
2498 3753
2499 3752
2500 3751
2501 3750
2502 3749
2503 3748
2504 3747
2505 3746
2506 3745
2507 3744
2508 3743
2509 3742
2510 3741
2511 3740
2512 3739
2513 3738
2514 3737
2515 3736
2516 3735
2517 3734
2518 3733
2519 3732
2520 3731
2521 3730
2522 3729
2523 3728
2524 3727
2525 3726
2526 3725
2527 3724
2528 3723
2529 3722
2530 3721
2531 3720
2532 3719
2533 3718
2534 3717
2535 3716
2536 3715
2537 3714
2538 3713
2539 3712
2540 3711
2541 3710
2542 3709
2543 3708
2544 3707
2545 3706
2546 3705
2547 3704
2548 3703
2549 3702
2550 3701
2551 3700
2552 3699
2553 3698
2554 3697
2555 3696
2556 3695
2557 3694
2558 3693
2559 3692
2560 3691
2561 3690
2562 3689
2563 3688
2564 3687
2565 3686
2566 3685
2567 3684
2568 3683
2569 3682
2570 3681
2571 3680
2572 3679
2573 3678
2574 3677
2575 3676
2576 3675
2577 3674
2578 3673
2579 3672
2580 3671
2581 3670
2582 3669
2583 3668
2584 3667
2585 3666
2586 3665
2587 3664
2588 3663
2589 3662
2590 3661
2591 3660
2592 3659
2593 3658
2594 3657
2595 3656
2596 3655
2597 3654
2598 3653
2599 3652
2600 3651
2601 3650
2602 3649
2603 3648
2604 3647
2605 3646
2606 3645
2607 3644
2608 3643
2609 3642
2610 3641
2611 3640
2612 3639
2613 3638
2614 3637
2615 3636
2616 3635
2617 3634
2618 3633
2619 3632
2620 3631
2621 3630
2622 3629
2623 3628
2624 3627
2625 3626
2626 3625
2627 3624
2628 3623
2629 3622
2630 3621
2631 3620
2632 3619
2633 3618
2634 3617
2635 3616
2636 3615
2637 3614
2638 3613
2639 3612
2640 3611
2641 3610
2642 3609
2643 3608
2644 3607
2645 3606
2646 3605
2647 3604
2648 3603
2649 3602
2650 3601
2651 3600
2652 3599
2653 3598
2654 3597
2655 3596
2656 3595
2657 3594
2658 3593
2659 3592
2660 3591
2661 3590
2662 3589
2663 3588
2664 3587
2665 3586
2666 3585
2667 3584
2668 3583
2669 3582
2670 3581
2671 3580
2672 3579
2673 3578
2674 3577
2675 3576
2676 3575
2677 3574
2678 3573
2679 3572
2680 3571
2681 3570
2682 3569
2683 3568
2684 3567
2685 3566
2686 3565
2687 3564
2688 3563
2689 3562
2690 3561
2691 3560
2692 3559
2693 3558
2694 3557
2695 3556
2696 3555
2697 3554
2698 3553
2699 3552
2700 3551
2701 3550
2702 3549
2703 3548
2704 3547
2705 3546
2706 3545
2707 3544
2708 3543
2709 3542
2710 3541
2711 3540
2712 3539
2713 3538
2714 3537
2715 3536
2716 3535
2717 3534
2718 3533
2719 3532
2720 3531
2721 3530
2722 3529
2723 3528
2724 3527
2725 3526
2726 3525
2727 3524
2728 3523
2729 3522
2730 3521
2731 3520
2732 3519
2733 3518
2734 3517
2735 3516
2736 3515
2737 3514
2738 3513
2739 3512
2740 3511
2741 3510
2742 3509
2743 3508
2744 3507
2745 3506
2746 3505
2747 3504
2748 3503
2749 3502
2750 3501
2751 3500
2752 3499
2753 3498
2754 3497
2755 3496
2756 3495
2757 3494
2758 3493
2759 3492
2760 3491
2761 3490
2762 3489
2763 3488
2764 3487
2766 3486
2767 3485
2768 3484
2769 3483
2770 3482
2771 3481
2772 3480
2773 3479
2774 3478
2775 3477
2776 3476
2777 3475
2778 3474
2779 3473
2780 3472
2781 3471
2782 3470
2783 3469
2784 3468
2785 3467
2786 3466
2787 3465
2788 3464
2789 3463
2790 3462
2791 3461
2792 3460
2793 3459
2794 3458
2795 3457
2796 3456
2797 3455
2798 3454
2799 3453
2800 3452
2801 3451
2802 3450
2803 3449
2804 3448
2805 3447
2806 3446
2807 3445
2808 3444
2809 3443
2810 3442
2811 3441
2812 3440
2813 3439
2814 3438
2815 3437
2816 3436
2817 3435
2818 3434
2819 3433
2820 3432
2821 3431
2822 3430
2823 3429
2824 3428
2825 3427
2826 3426
2827 3425
2828 3424
2829 3423
2830 3422
2831 3421
2832 3420
2833 3419
2834 3418
2835 3417
2836 3416
2837 3415
2838 3414
2839 3413
2840 3412
2841 3411
2842 3410
2843 3409
2844 3408
2845 3407
2846 3406
2847 3405
2848 3404
2849 3403
2850 3402
2851 3401
2852 3400
2853 3399
2854 3398
2855 3397
2856 3396
2857 3395
2858 3394
2859 3393
2860 3392
2861 3391
2862 3390
2863 3389
2864 3388
2865 3387
2866 3386
2867 3385
2868 3384
2869 3383
2870 3382
2871 3381
2872 3380
2873 3379
2874 3378
2875 3377
2876 3376
2877 3375
2878 3374
2879 3373
2880 3372
2881 3371
2882 3370
2883 3369
2884 3368
2885 3367
2886 3366
2887 3365
2888 3364
2889 3363
2890 3362
2891 3361
2892 3360
2893 3359
2894 3358
2895 3357
2896 3356
2897 3355
2898 3354
2899 3353
2900 3352
2901 3351
2902 3350
2903 3349
2904 3348
2905 3347
2906 3346
2907 3345
2908 3344
2909 3343
2910 3342
2911 3341
2912 3340
2913 3339
2914 3338
2915 3337
2916 3336
2917 3335
2918 3334
2919 3333
2920 3332
2921 3331
2922 3330
2923 3329
2924 3328
2925 3327
2926 3326
2927 3325
2928 3324
2929 3323
2930 3322
2931 3321
2932 3320
2933 3319
2934 3318
2935 3317
2936 3316
2937 3315
2938 3314
2939 3313
2940 3312
2941 3311
2942 3310
2943 3309
2944 3308
2945 3307
2946 3306
2947 3305
2948 3304
2949 3303
2950 3302
2951 3301
2952 3300
2953 3299
2954 3298
2955 3297
2956 3296
2957 3295
2958 3294
2959 3293
2960 3292
2961 3291
2962 3290
2963 3289
2964 3288
2965 3287
2966 3286
2967 3285
2968 3284
2969 3283
2970 3282
2971 3281
2972 3280
2973 3279
2974 3278
2975 3277
2976 3276
2977 3275
2978 3274
2979 3273
2980 3272
2981 3271
2982 3270
2983 3269
2984 3268
2985 3267
2986 3266
2987 3265
2988 3264
2989 3263
2990 3262
2991 3261
2992 3260
2993 3259
2994 3258
2995 3257
2996 3256
2997 3255
2998 3254
2999 3253
3000 3252
3001 3251
3002 3250
3003 3249
3004 3248
3005 3247
3006 3246
3007 3245
3008 3244
3009 3243
3010 3242
3011 3241
3012 3240
3013 3239
3014 3238
3015 3237
3016 3236
3017 3235
3018 3234
3019 3233
3020 3232
3021 3231
3022 3230
3023 3229
3024 3228
3025 3227
3026 3226
3027 3225
3028 3224
3029 3223
3030 3222
3031 3221
3032 3220
3033 3219
3034 3218
3035 3217
3036 3216
3037 3215
3038 3214
3039 3213
3040 3212
3041 3211
3042 3210
3043 3209
3044 3208
3045 3207
3046 3206
3047 3205
3048 3204
3049 3203
3050 3202
3051 3201
3052 3200
3053 3199
3054 3198
3055 3197
3056 3196
3057 3195
3058 3194
3059 3193
3060 3192
3061 3191
3062 3190
3063 3189
3064 3188
3065 3187
3066 3186
3067 3185
3068 3184
3069 3183
3070 3182
3071 3181
3072 3180
3073 3179
3074 3178
3075 3177
3076 3176
3077 3175
3078 3174
3079 3173
3080 3172
3081 3171
3082 3170
3083 3169
3084 3168
3085 3167
3086 3166
3087 3165
3088 3164
3089 3163
3090 3162
3091 3161
3092 3160
3093 3159
3094 3158
3095 3157
3096 3156
3097 3155
3098 3154
3099 3153
3100 3152
3101 3151
3102 3150
3103 3149
3104 3148
3105 3147
3106 3146
3107 3145
3108 3144
3109 3143
3110 3142
3111 3141
3112 3140
3113 3139
3114 3138
3115 3137
3116 3136
3117 3135
3118 3134
3119 3133
3120 3132
3121 3131
3122 3130
3123 3129
3124 3128
3125 3127
3126 3126
3127 3125
3128 3124
3129 3123
3130 3122
3131 3121
3132 3120
3133 3119
3134 3118
3135 3117
3136 3116
3137 3115
3138 3114
3139 3113
3140 3112
3141 3111
3142 3110
3143 3109
3144 3108
3145 3107
3146 3106
3147 3105
3148 3104
3149 3103
3150 3102
3151 3101
3152 3100
3153 3099
3154 3098
3155 3097
3156 3096
3157 3095
3158 3094
3159 3093
3160 3092
3161 3091
3162 3090
3163 3089
3164 3088
3165 3087
3166 3086
3167 3085
3168 3084
3169 3083
3170 3082
3171 3081
3172 3080
3173 3079
3174 3078
3175 3077
3176 3076
3177 3075
3178 3074
3179 3073
3180 3072
3181 3071
3182 3070
3183 3069
3184 3068
3185 3067
3186 3066
3187 3065
3188 3064
3189 3063
3190 3062
3191 3061
3192 3060
3193 3059
3194 3058
3195 3057
3196 3056
3197 3055
3198 3054
3199 3053
3200 3052
3201 3051
3202 3050
3203 3049
3204 3048
3205 3047
3206 3046
3207 3045
3208 3044
3209 3043
3210 3042
3211 3041
3212 3040
3213 3039
3214 3038
3215 3037
3216 3036
3217 3035
3218 3034
3219 3033
3220 3032
3221 3031
3222 3030
3223 3029
3224 3028
3225 3027
3226 3026
3227 3025
3228 3024
3229 3023
3230 3022
3231 3021
3232 3020
3233 3019
3234 3018
3235 3017
3236 3016
3237 3015
3238 3014
3239 3013
3240 3012
3241 3011
3242 3010
3243 3009
3244 3008
3245 3007
3246 3006
3247 3005
3248 3004
3249 3003
3250 3002
3251 3001
3252 3000
3253 2999
3254 2998
3255 2997
3256 2996
3257 2995
3258 2994
3259 2993
3260 2992
3261 2991
3262 2990
3263 2989
3264 2988
3265 2987
3266 2986
3267 2985
3268 2984
3269 2983
3270 2982
3271 2981
3272 2980
3273 2979
3274 2978
3275 2977
3276 2976
3277 2975
3278 2974
3279 2973
3280 2972
3281 2971
3282 2970
3283 2969
3284 2968
3285 2967
3286 2966
3287 2965
3288 2964
3289 2963
3290 2962
3291 2961
3292 2960
3293 2959
3294 2958
3295 2957
3296 2956
3297 2955
3298 2954
3299 2953
3300 2952
3301 2951
3302 2950
3303 2949
3304 2948
3305 2947
3306 2946
3307 2945
3308 2944
3309 2943
3310 2942
3311 2941
3312 2940
3313 2939
3314 2938
3315 2937
3316 2936
3317 2935
3318 2934
3319 2933
3320 2932
3321 2931
3322 2930
3323 2929
3324 2928
3325 2927
3326 2926
3327 2925
3328 2924
3329 2923
3330 2922
3331 2921
3332 2920
3333 2919
3334 2918
3335 2917
3336 2916
3337 2915
3338 2914
3339 2913
3340 2912
3341 2911
3342 2910
3343 2909
3344 2908
3345 2907
3346 2906
3347 2905
3348 2904
3349 2903
3350 2902
3351 2901
3352 2900
3353 2899
3354 2898
3355 2897
3356 2896
3357 2895
3358 2894
3359 2893
3360 2892
3361 2891
3362 2890
3363 2889
3364 2888
3365 2887
3366 2886
3367 2885
3368 2884
3369 2883
3370 2882
3371 2881
3372 2880
3373 2879
3374 2878
3375 2877
3376 2876
3377 2875
3378 2874
3379 2873
3380 2872
3381 2871
3382 2870
3383 2869
3384 2868
3385 2867
3386 2866
3387 2865
3388 2864
3389 2863
3390 2862
3391 2861
3392 2860
3393 2859
3394 2858
3395 2857
3396 2856
3397 2855
3398 2854
3399 2853
3400 2852
3401 2851
3402 2850
3403 2849
3404 2848
3405 2847
3406 2846
3407 2845
3408 2844
3409 2843
3410 2842
3411 2841
3412 2840
3413 2839
3414 2838
3415 2837
3416 2836
3417 2835
3418 2834
3419 2833
3420 2832
3421 2831
3422 2830
3423 2829
3424 2828
3425 2827
3426 2826
3427 2825
3428 2824
3429 2823
3430 2822
3431 2821
3432 2820
3433 2819
3434 2818
3435 2817
3436 2816
3437 2815
3438 2814
3439 2813
3440 2812
3441 2811
3442 2810
3443 2809
3444 2808
3445 2807
3446 2806
3447 2805
3448 2804
3449 2803
3450 2802
3451 2801
3452 2800
3453 2799
3454 2798
3455 2797
3456 2796
3457 2795
3458 2794
3459 2793
3460 2792
3461 2791
3462 2790
3463 2789
3464 2788
3465 2787
3466 2786
3467 2785
3468 2784
3469 2783
3470 2782
3471 2781
3472 2780
3473 2779
3474 2778
3475 2777
3476 2776
3477 2775
3478 2774
3479 2773
3480 2772
3481 2771
3482 2770
3483 2769
3484 2768
3485 2767
3486 2766
3487 2764
3488 2763
3489 2762
3490 2761
3491 2760
3492 2759
3493 2758
3494 2757
3495 2756
3496 2755
3497 2754
3498 2753
3499 2752
3500 2751
3501 2750
3502 2749
3503 2748
3504 2747
3505 2746
3506 2745
3507 2744
3508 2743
3509 2742
3510 2741
3511 2740
3512 2739
3513 2738
3514 2737
3515 2736
3516 2735
3517 2734
3518 2733
3519 2732
3520 2731
3521 2730
3522 2729
3523 2728
3524 2727
3525 2726
3526 2725
3527 2724
3528 2723
3529 2722
3530 2721
3531 2720
3532 2719
3533 2718
3534 2717
3535 2716
3536 2715
3537 2714
3538 2713
3539 2712
3540 2711
3541 2710
3542 2709
3543 2708
3544 2707
3545 2706
3546 2705
3547 2704
3548 2703
3549 2702
3550 2701
3551 2700
3552 2699
3553 2698
3554 2697
3555 2696
3556 2695
3557 2694
3558 2693
3559 2692
3560 2691
3561 2690
3562 2689
3563 2688
3564 2687
3565 2686
3566 2685
3567 2684
3568 2683
3569 2682
3570 2681
3571 2680
3572 2679
3573 2678
3574 2677
3575 2676
3576 2675
3577 2674
3578 2673
3579 2672
3580 2671
3581 2670
3582 2669
3583 2668
3584 2667
3585 2666
3586 2665
3587 2664
3588 2663
3589 2662
3590 2661
3591 2660
3592 2659
3593 2658
3594 2657
3595 2656
3596 2655
3597 2654
3598 2653
3599 2652
3600 2651
3601 2650
3602 2649
3603 2648
3604 2647
3605 2646
3606 2645
3607 2644
3608 2643
3609 2642
3610 2641
3611 2640
3612 2639
3613 2638
3614 2637
3615 2636
3616 2635
3617 2634
3618 2633
3619 2632
3620 2631
3621 2630
3622 2629
3623 2628
3624 2627
3625 2626
3626 2625
3627 2624
3628 2623
3629 2622
3630 2621
3631 2620
3632 2619
3633 2618
3634 2617
3635 2616
3636 2615
3637 2614
3638 2613
3639 2612
3640 2611
3641 2610
3642 2609
3643 2608
3644 2607
3645 2606
3646 2605
3647 2604
3648 2603
3649 2602
3650 2601
3651 2600
3652 2599
3653 2598
3654 2597
3655 2596
3656 2595
3657 2594
3658 2593
3659 2592
3660 2591
3661 2590
3662 2589
3663 2588
3664 2587
3665 2586
3666 2585
3667 2584
3668 2583
3669 2582
3670 2581
3671 2580
3672 2579
3673 2578
3674 2577
3675 2576
3676 2575
3677 2574
3678 2573
3679 2572
3680 2571
3681 2570
3682 2569
3683 2568
3684 2567
3685 2566
3686 2565
3687 2564
3688 2563
3689 2562
3690 2561
3691 2560
3692 2559
3693 2558
3694 2557
3695 2556
3696 2555
3697 2554
3698 2553
3699 2552
3700 2551
3701 2550
3702 2549
3703 2548
3704 2547
3705 2546
3706 2545
3707 2544
3708 2543
3709 2542
3710 2541
3711 2540
3712 2539
3713 2538
3714 2537
3715 2536
3716 2535
3717 2534
3718 2533
3719 2532
3720 2531
3721 2530
3722 2529
3723 2528
3724 2527
3725 2526
3726 2525
3727 2524
3728 2523
3729 2522
3730 2521
3731 2520
3732 2519
3733 2518
3734 2517
3735 2516
3736 2515
3737 2514
3738 2513
3739 2512
3740 2511
3741 2510
3742 2509
3743 2508
3744 2507
3745 2506
3746 2505
3747 2504
3748 2503
3749 2502
3750 2501
3751 2500
3752 2499
3753 2498
3754 2497
3755 2496
3756 2495
3757 2494
3758 2493
3759 2492
3760 2491
3761 2490
3762 2489
3763 2488
3764 2487
3765 2486
3766 2485
3767 2484
3768 2483
3769 2482
3770 2481
3771 2480
3772 2479
3773 2478
3774 2477
3775 2476
3776 2475
3777 2474
3778 2473
3779 2472
3780 2471
3781 2470
3782 2469
3783 2468
3784 2467
3785 2466
3786 2465
3787 2464
3788 2463
3789 2462
3790 2461
3791 2460
3792 2459
3793 2458
3794 2457
3795 2456
3796 2455
3797 2454
3798 2453
3799 2452
3800 2451
3801 2450
3802 2449
3803 2448
3804 2447
3805 2446
3806 2445
3807 2444
3808 2443
3809 2442
3810 2441
3811 2440
3812 2439
3813 2438
3814 2437
3815 2436
3816 2435
3817 2434
3818 2433
3819 2432
3820 2431
3821 2430
3822 2429
3823 2428
3824 2427
3825 2426
3826 2425
3827 2424
3828 2423
3829 2422
3830 2421
3831 2420
3832 2419
3833 2418
3834 2417
3835 2416
3836 2415
3837 2414
3838 2413
3839 2412
3840 2411
3841 2410
3842 2409
3843 2408
3844 2407
3845 2406
3846 2405
3847 2404
3848 2403
3849 2402
3850 2401
3851 2400
3852 2399
3853 2398
3854 2397
3855 2396
3856 2395
3857 2394
3858 2393
3859 2392
3860 2391
3861 2390
3862 2389
3863 2388
3864 2387
3865 2386
3866 2385
3867 2384
3868 2383
3869 2382
3870 2381
3871 2380
3872 2379
3873 2378
3874 2377
3875 2376
3876 2375
3877 2374
3878 2373
3879 2372
3880 2371
3881 2370
3882 2369
3883 2368
3884 2367
3885 2366
3886 2365
3887 2364
3888 2363
3889 2362
3890 2361
3891 2360
3892 2359
3893 2358
3894 2357
3895 2356
3896 2355
3897 2354
3898 2353
3899 2352
3900 2351
3901 2350
3902 2349
3903 2348
3904 2347
3905 2346
3906 2345
3907 2344
3908 2343
3909 2342
3910 2341
3911 2340
3912 2339
3913 2338
3914 2337
3915 2336
3916 2335
3917 2334
3918 2333
3919 2332
3920 2331
3921 2330
3922 2329
3923 2328
3924 2327
3925 2326
3926 2325
3927 2324
3928 2323
3929 2322
3930 2321
3931 2320
3932 2319
3933 2318
3934 2317
3935 2316
3936 2315
3937 2314
3938 2313
3939 2312
3940 2311
3941 2310
3942 2309
3943 2308
3944 2307
3945 2306
3946 2305
3947 2304
3948 2303
3949 2302
3950 2301
3951 2300
3952 2299
3953 2298
3954 2297
3955 2296
3956 2295
3957 2294
3958 2293
3959 2292
3960 2291
3961 2290
3962 2289
3963 2288
3964 2287
3965 2286
3966 2285
3967 2284
3968 2283
3969 2282
3970 2281
3971 2280
3972 2279
3973 2278
3974 2277
3975 2276
3976 2275
3977 2274
3978 2273
3979 2272
3980 2271
3981 2270
3982 2269
3983 2268
3984 2267
3985 2266
3986 2265
3987 2264
3988 2263
3989 2262
3990 2261
3991 2260
3992 2259
3993 2258
3994 2257
3995 2256
3996 2255
3997 2254
3998 2253
3999 2252
4000 2251
4001 2250
4002 2249
4003 2248
4004 2247
4005 2246
4006 2245
4007 2244
4008 2243
4009 2242
4010 2241
4011 2240
4012 2239
4013 2238
4014 2237
4015 2236
4016 2235
4017 2234
4018 2233
4019 2232
4020 2231
4021 2230
4022 2229
4023 2228
4024 2227
4025 2226
4026 2225
4027 2224
4028 2223
4029 2222
4030 2221
4031 2220
4032 2219
4033 2218
4034 2217
4035 2216
4036 2215
4037 2214
4038 2213
4039 2212
4040 2211
4041 2210
4042 2209
4043 2208
4044 2207
4045 2206
4046 2205
4047 2204
4048 2203
4049 2202
4050 2201
4051 2200
4052 2199
4053 2198
4054 2197
4055 2196
4056 2195
4057 2194
4058 2193
4059 2192
4060 2191
4061 2190
4062 2189
4063 2188
4064 2187
4065 2186
4066 2185
4067 2184
4068 2183
4069 2182
4070 2181
4071 2180
4072 2179
4073 2178
4074 2177
4075 2176
4076 2175
4077 2174
4078 2173
4079 2172
4080 2171
4081 2170
4082 2169
4083 2168
4084 2167
4085 2166
4086 2165
4087 2164
4088 2163
4089 2162
4090 2161
4091 2160
4092 2159
4093 2158
4094 2157
4095 2156
4096 2155
4097 2154
4098 2153
4099 2152
4100 2151
4101 2150
4102 2149
4103 2148
4104 2147
4105 2146
4106 2145
4107 2144
4108 2143
4109 2142
4110 2141
4111 2140
4112 2139
4113 2138
4114 2137
4115 2136
4116 2135
4117 2134
4118 2133
4119 2132
4120 2131
4121 2130
4122 2129
4123 2128
4124 2127
4125 2126
4126 2125
4127 2124
4128 2123
4129 2122
4130 2121
4131 2120
4132 2119
4133 2118
4134 2117
4135 2116
4136 2115
4137 2114
4138 2113
4139 2112
4140 2111
4141 2110
4142 2109
4143 2108
4144 2107
4145 2106
4146 2105
4147 2104
4148 2103
4149 2102
4150 2101
4151 2100
4152 2099
4153 2098
4154 2097
4155 2096
4156 2095
4157 2094
4158 2093
4159 2092
4160 2091
4161 2090
4162 2089
4163 2088
4164 2087
4165 2086
4166 2085
4167 2084
4168 2083
4169 2082
4170 2081
4171 2080
4172 2079
4173 2078
4174 2077
4175 2076
4176 2075
4177 2074
4178 2073
4179 2072
4180 2071
4181 2070
4182 2069
4183 2068
4184 2067
4185 2066
4186 2065
4187 2064
4188 2063
4189 2062
4190 2061
4191 2060
4192 2059
4193 2058
4194 2057
4195 2056
4196 2055
4197 2054
4198 2053
4199 2052
4200 2051
4201 2050
4202 2049
4203 2048
4204 2047
4205 2046
4206 2045
4207 2044
4208 2043
4209 2042
4210 2041
4211 2040
4212 2039
4213 2038
4214 2037
4215 2036
4216 2035
4217 2034
4218 2033
4219 2032
4220 2031
4221 2030
4222 2029
4223 2028
4224 2027
4225 2026
4226 2025
4227 2024
4228 2023
4229 2022
4230 2021
4231 2020
4232 2019
4233 2018
4234 2017
4235 2016
4236 2015
4237 2014
4238 2013
4239 2012
4240 2011
4241 2010
4242 2009
4243 2008
4244 2007
4245 2006
4246 2005
4247 2004
4248 2003
4249 2002
4250 2001
4251 2000
4252 1999
4253 1998
4254 1997
4255 1996
4256 1995
4257 1994
4258 1993
4259 1992
4260 1991
4261 1990
4262 1989
4263 1988
4264 1987
4265 1986
4266 1985
4267 1984
4268 1983
4269 1982
4270 1981
4271 1980
4272 1979
4273 1978
4274 1977
4275 1976
4276 1975
4277 1974
4278 1973
4279 1972
4280 1971
4281 1970
4282 1969
4283 1968
4284 1967
4285 1966
4286 1965
4287 1964
4288 1963
4289 1962
4290 1961
4291 1960
4292 1959
4293 1958
4294 1957
4295 1956
4296 1955
4297 1954
4298 1953
4299 1952
4300 1951
4301 1950
4302 1949
4303 1948
4304 1947
4305 1946
4306 1945
4307 1944
4308 1943
4309 1942
4310 1941
4311 1940
4312 1939
4313 1938
4314 1937
4315 1936
4316 1935
4317 1934
4318 1933
4319 1932
4320 1931
4321 1930
4322 1929
4323 1928
4324 1927
4325 1926
4326 1925
4327 1924
4328 1923
4329 1922
4330 1921
4331 1920
4332 1919
4333 1918
4334 1917
4335 1916
4336 1915
4337 1914
4338 1913
4339 1912
4340 1911
4341 1910
4342 1909
4343 1908
4344 1907
4345 1906
4346 1905
4347 1904
4348 1903
4349 1902
4350 1901
4351 1900
4352 1899
4353 1898
4354 1897
4355 1896
4356 1895
4357 1894
4358 1893
4359 1892
4360 1891
4361 1890
4362 1889
4363 1888
4364 1887
4365 1886
4366 1885
4367 1884
4368 1883
4369 1882
4370 1881
4371 1880
4372 1879
4373 1878
4374 1877
4375 1876
4376 1875
4377 1874
4378 1873
4379 1872
4380 1871
4381 1870
4382 1869
4383 1868
4384 1867
4385 1866
4386 1865
4387 1864
4388 1863
4389 1862
4390 1861
4391 1860
4392 1859
4393 1858
4394 1857
4395 1856
4396 1855
4397 1854
4398 1853
4399 1852
4400 1851
4401 1850
4402 1849
4403 1848
4404 1847
4405 1846
4406 1845
4407 1844
4408 1843
4409 1842
4410 1841
4411 1840
4412 1839
4413 1838
4414 1837
4415 1836
4416 1835
4417 1834
4418 1833
4419 1832
4420 1831
4421 1830
4422 1829
4423 1828
4424 1827
4425 1826
4426 1825
4427 1824
4428 1823
4429 1822
4430 1821
4431 1820
4432 1819
4433 1818
4434 1817
4435 1816
4436 1815
4437 1814
4438 1813
4439 1812
4440 1811
4441 1810
4442 1809
4443 1808
4444 1807
4445 1806
4446 1805
4447 1804
4448 1803
4449 1802
4450 1801
4451 1800
4452 1799
4453 1798
4454 1797
4455 1796
4456 1795
4457 1794
4458 1793
4459 1792
4460 1791
4461 1790
4462 1789
4463 1788
4464 1787
4465 1786
4466 1785
4467 1784
4468 1783
4469 1782
4470 1781
4471 1780
4472 1779
4473 1778
4474 1777
4475 1776
4476 1775
4477 1774
4478 1773
4479 1772
4480 1771
4481 1770
4482 1769
4483 1768
4484 1767
4485 1766
4486 1765
4487 1764
4488 1763
4489 1762
4490 1761
4491 1760
4492 1759
4493 1758
4494 1757
4495 1756
4496 1755
4497 1754
4498 1753
4499 1752
4500 1751
4501 1750
4502 1749
4503 1748
4504 1747
4505 1746
4506 1745
4507 1744
4508 1743
4509 1742
4510 1741
4511 1740
4512 1739
4513 1738
4514 1737
4515 1736
4516 1735
4517 1734
4518 1733
4519 1732
4520 1731
4521 1730
4522 1729
4523 1728
4524 1727
4525 1726
4526 1725
4527 1724
4528 1723
4529 1722
4530 1721
4531 1720
4532 1719
4533 1718
4534 1717
4535 1716
4536 1715
4537 1714
4538 1713
4539 1712
4540 1711
4541 1710
4542 1709
4543 1708
4544 1707
4545 1706
4546 1705
4547 1704
4548 1703
4549 1702
4550 1701
4551 1700
4552 1699
4553 1698
4554 1697
4555 1696
4556 1695
4557 1694
4558 1693
4559 1692
4560 1691
4561 1690
4562 1689
4563 1688
4564 1687
4565 1686
4566 1685
4567 1684
4568 1683
4569 1682
4570 1681
4571 1680
4572 1679
4573 1678
4574 1677
4575 1676
4576 1675
4577 1674
4578 1673
4579 1672
4580 1671
4581 1670
4582 1669
4583 1668
4584 1667
4585 1666
4586 1665
4587 1664
4588 1663
4589 1662
4590 1661
4591 1660
4592 1659
4593 1658
4594 1657
4595 1656
4596 1655
4597 1654
4598 1653
4599 1652
4600 1651
4601 1650
4602 1649
4603 1648
4604 1647
4605 1646
4606 1645
4607 1644
4608 1643
4609 1642
4610 1641
4611 1640
4612 1639
4613 1638
4614 1637
4615 1636
4616 1635
4617 1634
4618 1633
4619 1632
4620 1631
4621 1630
4622 1629
4623 1628
4624 1627
4625 1626
4626 1625
4627 1624
4628 1623
4629 1622
4630 1621
4631 1620
4632 1619
4633 1618
4634 1617
4635 1616
4636 1615
4637 1614
4638 1613
4639 1612
4640 1611
4641 1610
4642 1609
4643 1608
4644 1607
4645 1606
4646 1605
4647 1604
4648 1603
4649 1602
4650 1601
4651 1600
4652 1599
4653 1598
4654 1597
4655 1596
4656 1595
4657 1594
4658 1593
4659 1592
4660 1591
4661 1590
4662 1589
4663 1588
4664 1587
4665 1586
4666 1585
4667 1584
4668 1583
4669 1582
4670 1581
4671 1580
4672 1579
4673 1578
4674 1577
4675 1576
4676 1575
4677 1574
4678 1573
4679 1572
4680 1571
4681 1570
4682 1569
4683 1568
4684 1567
4685 1566
4686 1565
4687 1564
4688 1563
4689 1562
4690 1561
4691 1560
4692 1559
4693 1558
4694 1557
4695 1556
4696 1555
4697 1554
4698 1553
4699 1552
4700 1551
4701 1550
4702 1549
4703 1548
4704 1547
4705 1546
4706 1545
4707 1544
4708 1543
4709 1542
4710 1541
4711 1540
4712 1539
4713 1538
4714 1537
4715 1536
4716 1535
4717 1534
4718 1533
4719 1532
4720 1531
4721 1530
4722 1529
4723 1528
4724 1527
4725 1526
4726 1525
4727 1524
4728 1523
4729 1522
4730 1521
4731 1520
4732 1519
4733 1518
4734 1517
4735 1516
4736 1515
4737 1514
4738 1513
4739 1512
4740 1511
4741 1510
4742 1509
4743 1508
4744 1507
4745 1506
4746 1505
4747 1504
4748 1503
4749 1502
4750 1501
4751 1500
4752 1499
4753 1498
4754 1497
4755 1496
4756 1495
4757 1494
4758 1493
4759 1492
4760 1491
4761 1490
4762 1489
4763 1488
4764 1487
4765 1486
4766 1485
4767 1484
4768 1483
4769 1482
4770 1481
4771 1480
4772 1479
4773 1478
4774 1477
4775 1476
4776 1475
4777 1474
4778 1473
4779 1472
4780 1471
4781 1470
4782 1469
4783 1468
4784 1467
4785 1466
4786 1465
4787 1464
4788 1463
4789 1462
4790 1461
4791 1460
4792 1459
4793 1458
4794 1457
4795 1456
4796 1455
4797 1454
4798 1453
4799 1452
4800 1451
4801 1450
4802 1449
4803 1448
4804 1447
4805 1446
4806 1445
4807 1444
4808 1443
4809 1442
4810 1441
4811 1440
4812 1439
4813 1438
4814 1437
4815 1436
4816 1435
4817 1434
4818 1433
4819 1432
4820 1431
4821 1430
4822 1429
4823 1428
4824 1427
4825 1426
4826 1425
4827 1424
4828 1423
4829 1422
4830 1421
4831 1420
4832 1419
4833 1418
4834 1417
4835 1416
4836 1415
4837 1414
4838 1413
4839 1412
4840 1411
4841 1410
4843 1409
4844 1408
4845 1407
4846 1406
4847 1405
4848 1404
4849 1403
4850 1402
4851 1401
4852 1400
4853 1399
4854 1398
4855 1397
4856 1396
4857 1395
4858 1394
4859 1393
4860 1392
4861 1391
4862 1390
4863 1389
4864 1388
4865 1387
4866 1386
4867 1385
4868 1384
4869 1383
4870 1382
4871 1381
4872 1380
4873 1379
4874 1378
4875 1377
4876 1376
4877 1375
4878 1374
4879 1373
4880 1372
4881 1371
4882 1370
4883 1369
4884 1368
4885 1367
4886 1366
4887 1365
4888 1364
4889 1363
4890 1362
4891 1361
4892 1360
4893 1359
4894 1358
4895 1357
4896 1356
4897 1355
4898 1354
4899 1353
4900 1352
4901 1351
4902 1350
4903 1349
4904 1348
4905 1347
4906 1346
4907 1345
4908 1344
4909 1343
4910 1342
4911 1341
4912 1340
4913 1339
4914 1338
4915 1337
4916 1336
4917 1335
4918 1334
4919 1333
4920 1332
4921 1331
4922 1330
4923 1329
4924 1328
4925 1327
4926 1326
4927 1325
4928 1324
4929 1323
4930 1322
4931 1321
4932 1320
4933 1319
4934 1318
4935 1317
4936 1316
4937 1315
4938 1314
4939 1313
4940 1312
4941 1311
4942 1310
4943 1309
4944 1308
4945 1307
4946 1306
4947 1305
4948 1304
4949 1303
4950 1302
4951 1301
4952 1300
4953 1299
4954 1298
4955 1297
4956 1296
4957 1295
4958 1294
4959 1293
4960 1292
4961 1291
4962 1290
4963 1289
4964 1288
4965 1287
4966 1286
4967 1285
4968 1284
4969 1283
4970 1282
4971 1281
4972 1280
4973 1279
4974 1278
4975 1277
4976 1276
4977 1275
4978 1274
4979 1273
4980 1272
4981 1271
4982 1270
4983 1269
4984 1268
4985 1267
4986 1266
4987 1265
4988 1264
4989 1263
4990 1262
4991 1261
4992 1260
4993 1259
4994 1258
4995 1257
4996 1256
4997 1255
4998 1254
4999 1253
5000 1252
5001 1251
5002 1250
5003 1249
5004 1248
5005 1247
5006 1246
5007 1245
5008 1244
5009 1243
5010 1242
5011 1241
5012 1240
5013 1239
5014 1238
5015 1237
5016 1236
5017 1235
5018 1234
5019 1233
5020 1232
5021 1231
5022 1230
5023 1229
5024 1228
5025 1227
5026 1226
5027 1225
5028 1224
5029 1223
5030 1222
5031 1221
5032 1220
5033 1219
5034 1218
5035 1217
5036 1216
5037 1215
5038 1214
5039 1213
5040 1212
5041 1211
5042 1210
5043 1209
5044 1208
5045 1207
5046 1206
5047 1205
5048 1204
5049 1203
5050 1202
5051 1201
5052 1200
5053 1199
5054 1198
5055 1197
5056 1196
5057 1195
5058 1194
5059 1193
5060 1192
5061 1191
5062 1190
5063 1189
5064 1188
5065 1187
5066 1186
5067 1185
5068 1184
5069 1183
5070 1182
5071 1181
5072 1180
5073 1179
5074 1178
5075 1177
5076 1176
5077 1175
5078 1174
5079 1173
5080 1172
5081 1171
5082 1170
5083 1169
5084 1168
5085 1167
5086 1166
5087 1165
5088 1164
5089 1163
5090 1162
5091 1161
5092 1160
5093 1159
5094 1158
5095 1157
5096 1156
5097 1155
5098 1154
5099 1153
5100 1152
5101 1151
5102 1150
5103 1149
5104 1148
5105 1147
5106 1146
5107 1145
5108 1144
5109 1143
5110 1142
5111 1141
5112 1140
5113 1139
5114 1138
5115 1137
5116 1136
5117 1135
5118 1134
5119 1133
5120 1132
5121 1131
5122 1130
5123 1129
5124 1128
5125 1127
5126 1126
5127 1125
5128 1124
5129 1123
5130 1122
5131 1121
5132 1120
5133 1119
5134 1118
5135 1117
5136 1116
5137 1115
5138 1114
5139 1113
5140 1112
5141 1111
5142 1110
5143 1109
5144 1108
5145 1107
5146 1106
5147 1105
5148 1104
5149 1103
5150 1102
5151 1101
5152 1100
5153 1099
5154 1098
5155 1097
5156 1096
5157 1095
5158 1094
5159 1093
5160 1092
5161 1091
5162 1090
5163 1089
5164 1088
5165 1087
5166 1086
5167 1085
5168 1084
5169 1083
5170 1082
5171 1081
5172 1080
5173 1079
5174 1078
5175 1077
5176 1076
5177 1075
5178 1074
5179 1073
5180 1072
5181 1071
5182 1070
5183 1069
5184 1068
5185 1067
5186 1066
5187 1065
5188 1064
5189 1063
5190 1062
5191 1061
5192 1060
5193 1059
5194 1058
5195 1057
5196 1056
5197 1055
5198 1054
5199 1053
5200 1052
5201 1051
5202 1050
5203 1049
5204 1048
5205 1047
5206 1046
5207 1045
5208 1044
5209 1043
5210 1042
5211 1041
5212 1040
5213 1039
5214 1038
5215 1037
5216 1036
5217 1035
5218 1034
5219 1033
5220 1032
5221 1031
5222 1030
5223 1029
5224 1028
5225 1027
5226 1026
5227 1025
5228 1024
5229 1023
5230 1022
5231 1021
5232 1020
5233 1019
5234 1018
5235 1017
5236 1016
5237 1015
5238 1014
5239 1013
5240 1012
5241 1011
5242 1010
5243 1009
5244 1008
5245 1007
5246 1006
5247 1005
5248 1004
5249 1003
5250 1002
5251 1001
5252 1000
5253 999
5254 998
5255 997
5256 996
5257 995
5258 994
5259 993
5260 992
5261 991
5262 990
5263 989
5264 988
5265 987
5266 986
5267 985
5268 984
5269 983
5270 982
5271 981
5272 980
5273 979
5274 978
5275 977
5276 976
5277 975
5278 974
5279 973
5280 972
5281 971
5282 970
5283 969
5284 968
5285 967
5286 966
5287 965
5288 964
5289 963
5290 962
5291 961
5292 960
5293 959
5294 958
5295 957
5296 956
5297 955
5298 954
5299 953
5300 952
5301 951
5302 950
5303 949
5304 948
5305 947
5306 946
5307 945
5308 944
5309 943
5310 942
5311 941
5312 940
5313 939
5314 938
5315 937
5316 936
5317 935
5318 934
5319 933
5320 932
5321 931
5322 930
5323 929
5324 928
5325 927
5326 926
5327 925
5328 924
5329 923
5330 922
5331 921
5332 920
5333 919
5334 918
5335 917
5336 916
5337 915
5338 914
5339 913
5340 912
5341 911
5342 910
5343 909
5344 908
5345 907
5346 906
5347 905
5348 904
5349 903
5350 902
5351 901
5352 900
5353 899
5354 898
5355 897
5356 896
5357 895
5358 894
5359 893
5360 892
5361 891
5362 890
5363 889
5364 888
5365 887
5366 886
5367 885
5368 884
5369 883
5370 882
5371 881
5372 880
5373 879
5374 878
5375 877
5376 876
5377 875
5378 874
5379 873
5380 872
5381 871
5382 870
5383 869
5384 868
5385 867
5386 866
5387 865
5388 864
5389 863
5390 862
5391 861
5392 860
5393 859
5394 858
5395 857
5396 856
5397 855
5398 854
5399 853
5400 852
5401 851
5402 850
5403 849
5404 848
5405 847
5406 846
5407 845
5408 844
5409 843
5410 842
5411 841
5412 840
5413 839
5414 838
5415 837
5416 836
5417 835
5418 834
5419 833
5420 832
5421 831
5422 830
5423 829
5424 828
5425 827
5426 826
5427 825
5428 824
5429 823
5430 822
5431 821
5432 820
5433 819
5434 818
5435 817
5436 816
5437 815
5438 814
5439 813
5440 812
5441 811
5442 810
5443 809
5444 808
5445 807
5446 806
5447 805
5448 804
5449 803
5450 802
5451 801
5452 800
5453 799
5454 798
5455 797
5456 796
5457 795
5458 794
5459 793
5460 792
5461 791
5462 790
5463 789
5464 788
5465 787
5466 786
5467 785
5468 784
5469 783
5470 782
5471 781
5472 780
5473 779
5474 778
5475 777
5476 776
5477 775
5478 774
5479 773
5480 772
5481 771
5482 770
5483 769
5484 768
5485 767
5486 766
5487 765
5488 764
5489 763
5490 762
5491 761
5492 760
5494 759
5495 758
5496 757
5497 756
5498 755
5499 754
5500 753
5501 752
5502 751
5503 750
5504 749
5505 748
5506 747
5507 746
5508 745
5509 744
5510 743
5511 742
5512 741
5513 740
5514 739
5515 738
5516 737
5517 736
5518 735
5519 734
5520 733
5521 732
5522 731
5523 730
5524 729
5525 728
5526 727
5527 726
5528 725
5529 724
5530 723
5531 722
5532 721
5533 720
5534 719
5535 718
5536 717
5537 716
5538 715
5539 714
5540 713
5541 712
5542 711
5543 710
5544 709
5545 708
5546 707
5547 706
5548 705
5549 704
5550 703
5551 702
5552 701
5553 700
5554 699
5555 698
5556 697
5557 696
5558 695
5559 694
5560 693
5561 692
5562 691
5563 690
5564 689
5565 688
5566 687
5567 686
5568 685
5569 684
5570 683
5571 682
5572 681
5573 680
5574 679
5575 678
5576 677
5577 676
5578 675
5579 674
5580 673
5581 672
5582 671
5583 670
5584 669
5585 668
5586 667
5587 666
5588 665
5589 664
5590 663
5591 662
5592 661
5593 660
5594 659
5595 658
5596 657
5597 656
5598 655
