2251 16
5442 16
5375 20
5434 20
170 22
2005 39
5403 49
217 52
5472 68
2774 76
422 88
3587 88
4633 88
5297 89
3951 96
5296 105
5297 105
493 106
736 106
797 106
625 107
5447 107
466 120
505 120
229 122
417 122
551 122
1798 122
2440 122
2441 122
3156 122
3319 122
4209 122
1403 124
3827 124
3862 124
4023 124
4943 124
431 125
1126 125
2831 126
4711 126
288 127
539 127
2649 128
348 130
485 130
1329 130
2634 130
4756 130
1414 131
412 133
328 134
370 134
199 135
361 135
632 135
5582 135
5583 135
208 136
233 136
234 136
235 136
449 136
500 136
528 136
583 136
1015 136
3007 136
3297 136
3299 136
4821 136
6080 136
240 137
1181 137
1260 137
3832 137
441 139
777 139
2623 139
2861 139
3371 139
5139 139
703 140
931 140
4584 140
843 144
5416 144
380 146
647 146
766 146
865 146
725 147
905 147
3397 147
6202 147
310 148
5869 148
344 149
515 149
603 149
1721 149
167 150
573 150
1404 150
1659 150
2512 150
2703 150
2887 150
3409 150
5745 150
430 151
4211 152
4257 152
3793 153
576 155
3346 155
3911 155
4663 155
5736 155
6000 155
6005 155
551 157
1298 157
2922 158
416 159
539 159
1087 159
1146 159
2540 159
2553 159
2777 159
3445 159
4173 159
4258 159
5611 159
347 160
520 160
947 160
1004 160
3934 160
293 161
359 161
369 161
2679 161
2731 161
3572 161
4337 161
5787 161
359 162
430 162
501 162
557 162
762 162
1439 162
2730 162
3572 162
4664 162
5485 162
5582 162
5718 162
5736 162
6036 162
6088 162
725 166
150 167
777 167
5912 167
400 168
1119 168
22 170
1093 170
1547 170
2734 170
2917 170
3233 170
4071 170
4222 170
4241 170
4284 170
4962 170
926 172
4192 172
612 174
752 174
3496 174
4482 174
5880 174
288 176
429 176
878 176
3302 176
3398 176
4708 176
5691 176
4025 178
4690 178
4038 179
4040 179
862 180
3878 180
2662 182
2960 182
4029 182
2154 185
2631 185
4705 185
5503 185
5620 185
3845 186
5573 186
424 191
831 194
3192 194
4122 194
5501 194
305 195
3985 196
573 198
1622 198
2712 198
5701 198
135 199
793 199
2709 199
3159 199
3976 199
5070 199
5467 199
5472 199
309 200
310 200
5556 200
5885 200
605 201
951 201
1087 201
4181 201
562 203
2640 203
2649 203
3313 203
4017 203
4494 203
5485 203
5649 203
5812 203
484 205
2752 205
241 206
314 206
136 208
500 208
703 208
751 208
766 208
2744 208
2762 208
2885 208
3461 208
3808 208
5136 208
3188 211
1302 212
4271 212
4528 212
5417 212
5884 212
6092 212
3793 213
643 214
647 214
2731 214
3413 214
3846 214
5700 214
5745 214
603 216
52 217
431 217
1006 217
1268 217
1865 217
2873 217
2874 217
286 218
2917 218
4392 218
4664 218
4665 218
261 220
299 220
503 220
756 220
859 220
951 220
286 221
2619 221
2679 221
475 222
5611 222
806 223
3886 223
524 224
1107 224
4780 224
2631 226
3387 226
836 227
994 228
2577 228
3259 228
3368 228
3461 228
4060 228
122 229
420 229
294 230
3592 230
3926 230
4201 230
342 231
4060 231
5499 231
1439 232
2957 232
136 233
684 233
728 233
1403 233
3272 233
3846 233
4395 233
5072 233
5113 233
5556 233
136 234
3230 234
4756 234
5116 234
5556 234
136 235
319 235
430 235
543 235
601 235
616 235
726 235
766 235
2828 235
2892 235
3733 235
4025 235
4295 235
5628 235
5714 235
5736 235
2991 236
4337 238
987 239
5742 239
5880 239
137 240
485 240
684 240
736 240
4310 240
5492 240
5736 240
206 241
3163 241
3173 241
3434 241
2597 245
2649 245
2649 246
5755 247
823 248
843 249
3862 249
1267 253
2837 254
3041 254
814 255
2917 255
515 256
1124 256
2861 260
220 261
282 261
5070 261
5467 261
515 262
773 262
1001 262
5416 262
5704 262
3202 263
2629 264
3875 264
5102 264
5103 264
951 265
2861 265
4166 265
4212 265
4513 265
806 267
480 270
726 270
874 270
1126 271
444 272
4415 272
5693 272
2649 273
4478 273
552 275
844 275
3888 275
3926 275
332 276
2813 276
2888 276
3985 276
5800 276
2923 277
5702 279
330 280
820 280
1108 280
1157 280
1158 280
2875 280
3011 280
4269 280
5098 280
5830 280
399 281
3486 281
3676 281
3848 281
5077 281
5710 281
261 282
496 282
515 282
548 282
603 282
3223 282
3429 282
3486 282
3676 282
3987 282
4208 282
4995 282
4996 282
4269 283
414 285
1164 285
1214 285
4222 285
4555 285
5217 285
5694 285
5701 285
5710 285
5957 285
218 286
221 286
1285 287
1564 287
2010 287
3589 287
3599 287
127 288
176 288
4482 288
6113 288
484 289
612 289
2695 289
4060 289
4754 291
546 292
3802 292
161 293
314 293
869 293
4781 293
230 294
420 294
601 294
2697 294
2939 294
3258 294
3297 294
3299 294
4426 294
4616 294
5093 294
5269 294
5704 294
5824 294
397 295
421 295
893 295
1146 295
2873 295
3004 295
4816 295
5143 295
1146 297
2775 297
3193 297
220 299
782 299
5310 300
3302 301
484 304
195 305
748 305
848 305
947 305
1132 305
2939 305
2982 305
3191 305
4029 305
4139 305
4556 305
4577 305
5649 305
5704 305
5751 305
5929 305
725 306
913 307
3793 307
601 308
200 309
415 309
891 309
3412 309
4346 309
5520 309
148 310
200 310
444 310
2835 310
4029 310
494 311
2834 311
2959 311
4662 311
4663 311
4664 311
5110 311
5133 311
553 312
4252 312
5472 312
664 313
2534 313
2535 313
2801 313
2861 313
2959 313
3193 313
3808 313
4203 313
4612 313
5584 313
5585 313
5930 313
206 314
293 314
4103 314
4346 314
4615 314
5543 314
541 316
2865 316
2908 316
4677 316
3883 317
235 319
341 319
342 319
602 319
667 319
1164 319
1380 319
2651 319
3531 319
4126 319
5701 319
5308 321
6047 321
2982 325
2993 325
1331 326
2918 326
6236 326
546 327
603 327
845 327
1101 327
5507 327
134 328
2745 328
280 330
369 331
810 331
4923 331
276 332
693 332
748 332
2861 332
4172 332
2919 336
3888 336
3889 336
4302 338
1158 339
2750 339
3288 339
777 340
2631 340
2704 340
3297 340
3299 340
4339 340
4703 340
319 341
469 341
6030 341
231 342
319 342
604 342
700 342
951 342
2742 342
2993 342
3825 342
4122 342
5077 342
6221 342
149 344
500 344
698 344
3452 344
5692 344
1115 346
2808 346
3166 346
3338 346
3441 346
3851 346
3883 346
4008 346
4763 346
160 347
4247 347
130 348
703 348
2874 348
5736 348
5737 348
5767 348
6044 348
531 350
161 359
162 359
1413 359
2957 359
3340 359
4833 359
3926 360
4092 360
135 361
843 361
1003 361
4680 361
6000 361
1260 363
5913 363
5143 364
5144 364
5556 365
2834 367
3967 367
5081 367
755 368
782 368
5112 368
161 369
331 369
437 369
469 369
5289 369
6127 369
134 370
3161 370
560 376
561 376
3387 376
553 377
554 377
1213 378
3572 378
4995 378
4996 378
5305 378
6053 378
6054 378
6067 378
1111 379
1195 379
2625 379
3357 379
3814 379
3844 379
3973 379
4328 379
5957 379
146 380
500 380
639 380
987 380
3848 380
4496 380
5700 380
6234 380
864 387
1082 387
2752 388
3928 388
612 393
985 393
603 396
295 397
485 397
1237 397
1365 397
3188 397
3211 397
4217 398
5184 398
6080 398
6113 398
281 399
843 399
168 400
505 400
546 400
765 401
3592 401
5518 401
3182 402
3289 403
5120 408
2783 411
3413 411
5166 411
133 412
782 412
1321 412
3305 412
285 414
309 415
159 416
469 416
589 416
2861 416
4222 416
4237 416
4780 416
6072 416
122 417
4258 417
5556 417
2664 418
229 420
294 420
503 420
551 420
552 420
1298 420
2440 420
295 421
879 421
4113 421
88 422
428 422
597 422
5932 422
5992 422
6189 422
6193 422
6201 422
6205 422
951 423
2532 423
3368 423
6199 423
6228 423
191 424
4535 424
1115 426
6035 427
422 428
1669 428
2861 428
2877 428
4025 428
176 429
3463 429
3952 429
6080 429
151 430
162 430
235 430
1139 430
2762 430
3845 430
4391 430
4708 430
5534 430
125 431
217 431
4121 431
5114 431
2618 435
2696 436
2697 436
2939 436
2982 436
2985 436
4550 436
5533 436
369 437
782 437
990 437
2664 437
2696 437
2697 437
2985 437
4703 437
5137 437
530 438
553 438
836 438
985 438
990 438
1268 438
2683 438
2986 438
3824 438
3887 438
4008 438
4703 438
6113 438
3640 439
1118 440
3173 440
3239 440
3377 440
139 441
1322 441
1366 441
2953 441
3221 441
3239 441
3280 441
3340 441
3407 441
3544 441
3546 441
272 444
310 444
541 444
1063 444
3895 444
4555 444
4833 444
5932 444
6201 444
6202 444
4337 445
777 446
2593 447
2861 447
449 448
738 448
1146 448
5755 448
5864 448
5913 448
136 449
448 449
3314 450
3883 451
611 452
5086 452
611 453
531 455
4346 455
597 462
667 462
2490 462
5901 462
6226 462
120 466
1100 466
1260 466
2708 466
1158 467
3288 467
3879 467
4217 467
4448 467
5537 467
2703 468
2807 468
5510 468
341 469
369 469
416 469
990 469
3004 469
3194 469
3826 469
3844 469
3881 469
3973 469
5705 469
6239 469
3211 470
3433 470
891 471
945 471
4269 471
625 472
1536 472
2993 472
3436 472
2908 474
3813 474
222 475
2599 477
6113 477
270 480
1608 480
4040 480
4172 480
1268 481
2746 481
3297 481
3298 481
3299 481
3850 481
4339 481
5634 481
496 482
2808 482
4346 482
3875 483
205 484
289 484
304 484
531 484
555 484
703 484
1036 484
1148 484
2644 484
2829 484
3356 484
3875 484
3911 484
4176 484
6210 484
130 485
240 485
397 485
502 485
666 485
700 485
4860 485
753 487
3099 492
3202 492
106 493
2962 493
311 494
497 494
5700 494
3161 495
3193 495
282 496
482 496
629 496
638 496
947 496
4162 496
4415 496
5573 496
5704 496
494 497
625 497
2962 497
3270 497
4656 497
2959 498
2962 498
136 500
208 500
344 500
380 500
5469 500
5533 500
5924 500
162 501
3461 501
3831 501
4222 501
5216 501
5520 501
485 502
220 503
420 503
2942 503
3903 503
3908 503
5759 503
774 504
1410 504
1413 504
6134 504
120 505
400 505
933 505
4478 505
511 506
1837 506
2744 506
5135 506
603 507
836 507
930 507
2643 507
2730 507
2731 507
3357 507
2874 508
506 511
5879 512
5883 512
6223 512
751 513
149 515
256 515
262 515
282 515
573 515
604 515
624 515
1002 515
1003 515
5698 515
5878 515
3987 516
4616 516
1056 518
1076 518
2874 518
2991 518
3883 518
3890 518
4108 518
4176 518
4304 518
4860 518
4943 518
5076 518
5186 518
5523 518
2769 519
4816 519
160 520
2651 520
3004 520
5556 523
224 524
4399 524
4642 524
4756 525
5319 525
770 526
916 526
2570 526
4192 526
5582 526
5737 526
5787 526
5938 526
6044 526
553 527
803 527
2917 527
3308 527
3886 527
5503 527
136 528
2718 529
4218 529
438 530
782 530
1338 530
4480 530
5913 530
350 531
455 531
484 531
5671 533
624 537
4465 538
127 539
159 539
625 539
2699 539
2953 539
2993 539
4642 539
4646 539
5702 539
316 541
444 541
753 541
782 541
1188 541
1213 541
3193 541
4161 541
4577 541
4616 541
5301 541
6030 541
6092 541
4191 542
4223 542
235 543
1157 543
1267 543
2699 543
576 545
5671 545
292 546
327 546
400 546
1146 546
2734 546
5924 546
282 548
2810 548
4392 549
5542 549
5787 549
5809 549
122 551
157 551
420 551
275 552
420 552
747 552
1106 552
4480 552
4535 552
312 553
377 553
438 553
527 553
839 553
5893 553
377 554
484 555
1126 555
3007 555
3934 555
6015 555
162 557
3428 559
376 560
5911 560
376 561
573 561
2937 561
4284 561
4708 561
5705 561
5804 561
5924 561
203 562
1860 562
2384 562
3369 562
3902 562
4132 562
4182 562
2867 564
3413 564
4153 564
4271 564
820 565
4222 565
4392 565
150 573
198 573
515 573
561 573
575 573
1173 573
3262 573
4284 573
5527 573
5596 573
573 575
743 575
5715 575
5825 575
155 576
545 576
2781 577
2867 577
2937 577
3289 577
5503 577
2865 578
3239 578
3981 579
3258 580
136 583
3816 583
3867 583
4028 583
3290 584
725 587
6066 587
6068 587
416 589
3973 589
4918 589
4803 590
753 592
5900 592
2781 594
422 597
462 597
235 601
294 601
308 601
848 601
875 601
995 601
5542 601
6215 601
319 602
1106 602
3466 602
149 603
216 603
282 603
327 603
396 603
507 603
843 603
3241 603
5878 603
342 604
515 604
836 604
860 604
1107 604
4023 604
5714 604
201 605
5184 605
2959 610
3925 610
4662 610
4663 610
452 611
453 611
892 611
3302 611
3398 611
4708 611
5691 611
174 612
289 612
393 612
5851 612
2763 614
5098 615
235 616
1181 618
5310 618
3041 623
4615 623
515 624
537 624
1158 624
3314 624
3934 624
5711 624
5715 624
107 625
472 625
497 625
539 625
5457 625
5824 625
5999 625
6007 625
1517 628
496 629
4999 631
135 632
994 632
2811 633
2704 634
3239 634
5986 634
3858 636
4392 636
496 638
2383 638
2709 638
2890 638
4284 638
5031 638
380 639
872 639
5912 639
985 642
214 643
3557 643
3384 646
3385 646
5086 646
146 647
214 647
843 647
5086 647
1146 658
2810 658
4208 658
3878 659
5087 659
4613 661
1316 662
313 664
485 666
5088 666
5089 666
5090 666
319 667
462 667
5089 667
5090 667
5090 668
5556 669
2650 670
3858 670
2863 671
950 672
4126 672
784 674
2762 677
4708 677
5185 677
5583 677
2706 680
2986 680
4708 680
4812 680
5691 680
5702 680
1322 683
5812 683
5843 683
233 684
240 684
3412 684
4754 684
5736 684
5737 684
2777 689
332 693
344 698
1669 699
4192 699
4194 699
342 700
485 700
769 700
1268 700
1302 700
2908 700
2986 700
4183 700
4286 700
4549 700
4812 700
1048 702
3485 702
5885 702
140 703
208 703
348 703
484 703
2153 703
6032 703
3223 704
4218 704
1071 710
2908 710
3313 710
4482 710
3520 711
3714 711
3886 711
6219 711
3993 717
147 725
166 725
306 725
587 725
3340 725
235 726
270 726
1036 726
1101 726
2644 726
2953 726
4163 726
5708 726
3911 727
233 728
933 728
3833 728
5694 728
5698 728
3297 731
5712 734
106 736
240 736
1106 736
1721 736
2986 736
4346 736
5738 736
448 738
1622 738
848 741
897 741
575 743
4480 743
3453 744
2706 745
3403 745
5894 745
552 747
2942 747
3398 747
305 748
332 748
928 748
951 748
1003 748
1441 748
3848 748
5864 748
5692 750
208 751
513 751
1001 751
2623 751
3407 751
6250 751
174 752
1270 752
2623 752
5694 752
5718 752
487 753
541 753
592 753
859 753
6207 753
2651 754
368 755
1140 755
220 756
3297 756
2711 758
4277 758
5701 758
4197 760
162 762
3990 762
5467 762
3171 763
5772 764
401 765
1001 765
1264 765
146 766
208 766
235 766
5482 766
5796 766
4215 768
4328 768
4624 768
5126 768
5127 768
700 769
526 770
2712 770
1322 772
3239 772
3403 772
262 773
872 773
951 773
1003 773
1081 773
3314 773
5537 773
5628 773
5695 773
504 774
4023 774
2865 776
139 777
167 777
340 777
446 777
1451 777
2695 777
2863 777
3188 777
3864 777
4217 777
6067 777
6068 777
299 782
368 782
412 782
437 782
530 782
541 782
2759 782
4376 782
5704 782
2553 783
3063 783
3166 783
3930 783
5494 783
674 784
5556 784
2752 786
3993 786
4255 786
4617 786
5620 786
5679 786
1644 788
4705 788
5190 789
5611 789
1037 792
199 793
831 793
2810 794
2874 794
2650 795
3926 795
4392 795
106 797
1213 799
1324 799
3255 799
4520 799
5211 799
3435 800
4426 800
4427 800
527 803
5510 803
223 806
267 806
987 806
5269 806
5503 806
5611 806
5878 806
3485 808
331 810
4273 810
5289 810
3993 813
255 814
3445 814
2619 818
2640 819
2664 819
5737 819
280 820
565 820
926 820
2600 820
2775 820
2861 820
3582 820
5291 820
5677 820
4376 821
248 823
1146 823
4108 823
4215 823
5291 823
4618 826
1331 828
194 831
793 831
1629 831
4400 831
4448 831
4535 831
227 836
438 836
507 836
604 836
1158 836
3592 836
5620 836
5864 836
5959 836
1158 837
5127 837
553 839
3438 839
5501 839
5519 840
5522 840
5309 841
144 843
249 843
361 843
399 843
603 843
647 843
1015 843
1106 843
2841 843
3848 843
4392 843
4496 843
4708 843
5714 843
5924 843
5930 843
275 844
5712 844
327 845
1006 845
1146 845
5503 845
5770 845
2937 846
2916 847
305 848
601 848
741 848
3239 848
2916 849
3239 849
2692 850
2877 850
4593 850
5608 850
2752 855
2005 856
3211 856
2808 858
3744 858
4565 858
220 859
753 859
2942 859
4163 859
604 860
1101 861
2708 861
2752 861
180 862
5824 862
2586 863
3377 863
387 864
5712 864
146 865
5787 865
3592 868
4633 868
5490 868
5544 868
5636 868
293 869
639 872
773 872
987 872
1042 872
1106 872
3201 872
4209 872
5501 872
5868 872
270 874
5372 874
5745 874
601 875
4037 875
4038 875
6200 875
4039 876
3840 877
4001 877
176 878
2640 878
421 879
2756 879
3340 887
309 891
471 891
1712 891
1776 891
5136 891
5878 891
611 892
295 893
741 897
1773 897
4290 897
5460 897
2908 898
3582 898
1322 899
2916 899
2916 901
1093 902
2837 902
3190 902
4215 903
4216 903
147 905
929 905
307 913
1148 913
2706 913
526 916
1982 918
3166 924
172 926
820 926
3398 926
5915 926
748 928
3302 928
4656 928
5695 928
5735 928
5753 928
5757 928
905 929
1094 929
4286 929
4708 929
507 930
2119 930
3534 930
140 931
1321 931
1343 931
505 933
728 933
3844 935
3850 935
4128 935
1322 936
2886 941
4870 941
471 945
2949 946
160 947
305 947
496 947
672 950
201 951
220 951
265 951
342 951
423 951
748 951
773 951
4577 951
5929 951
2662 952
4131 952
5736 954
5737 954
4255 958
2647 960
3928 960
4172 970
393 985
438 985
642 985
1164 985
1214 985
1589 985
239 987
380 987
806 987
872 987
2648 987
4142 987
6202 987
437 990
438 990
469 990
3331 990
5451 990
5485 990
5699 990
5737 990
6090 990
228 994
632 994
5865 994
5880 994
601 995
262 1001
751 1001
765 1001
1298 1001
515 1002
1441 1002
361 1003
515 1003
748 1003
773 1003
1101 1003
1441 1003
4132 1003
160 1004
2625 1004
4237 1004
5301 1004
5520 1004
5556 1004
5755 1004
217 1006
845 1006
5716 1006
5824 1006
6096 1006
3599 1008
136 1015
843 1015
5502 1015
3227 1018
3410 1022
5730 1022
2377 1023
2906 1023
1304 1026
3466 1029
5533 1029
1316 1032
2119 1032
2186 1032
2826 1032
2861 1032
2992 1032
3863 1032
4745 1032
484 1036
726 1036
792 1037
3192 1037
872 1042
702 1048
518 1056
1250 1056
5137 1060
2742 1062
2993 1062
2994 1062
444 1063
4454 1063
4467 1064
710 1071
1285 1071
1331 1071
1781 1071
2010 1071
518 1076
6014 1076
2712 1079
773 1081
4415 1081
387 1082
1115 1084
159 1087
201 1087
5301 1090
2843 1092
170 1093
902 1093
1322 1093
3389 1093
3589 1093
6061 1093
6139 1093
929 1094
1127 1094
5740 1094
5808 1099
466 1100
327 1101
726 1101
861 1101
1003 1101
1890 1101
5692 1101
5900 1101
552 1106
602 1106
736 1106
843 1106
872 1106
3412 1106
4025 1106
4203 1106
5677 1106
5765 1106
5905 1106
6226 1106
224 1107
604 1107
1608 1107
5749 1107
280 1108
379 1111
3211 1111
3908 1111
346 1115
426 1115
1084 1115
2505 1115
5718 1115
1318 1116
440 1118
168 1119
5900 1119
3844 1120
256 1124
1158 1125
3278 1125
125 1126
271 1126
555 1126
3346 1126
5825 1126
1094 1127
2384 1127
5556 1128
305 1132
1164 1132
5368 1137
430 1139
2631 1139
4705 1139
5556 1139
755 1140
2673 1140
3436 1141
5148 1141
5492 1145
159 1146
295 1146
297 1146
448 1146
546 1146
658 1146
823 1146
845 1146
6080 1146
484 1148
913 1148
2625 1148
3378 1148
3955 1148
5736 1148
2621 1149
5095 1150
5332 1151
5333 1151
5334 1151
280 1157
543 1157
5974 1157
280 1158
339 1158
467 1158
624 1158
836 1158
837 1158
1125 1158
1627 1158
1644 1158
1645 1158
1874 1158
285 1164
319 1164
985 1164
1132 1164
1298 1164
2561 1164
2812 1164
3379 1164
5219 1164
5225 1164
1182 1165
3196 1165
4393 1166
5507 1166
5581 1166
573 1173
2586 1174
3884 1174
4534 1174
4764 1174
4948 1174
3202 1175
137 1181
618 1181
1165 1182
2876 1184
3463 1184
4097 1184
3744 1186
1905 1187
5991 1187
541 1188
3259 1190
3407 1190
5335 1194
379 1195
5670 1197
1385 1198
1798 1198
2367 1198
2769 1199
3865 1199
4147 1199
3865 1203
2808 1205
4593 1205
3323 1211
3324 1211
5152 1211
5153 1211
5154 1211
5155 1211
5156 1211
3324 1212
5153 1212
5154 1212
5155 1212
5156 1212
5179 1212
5180 1212
378 1213
541 1213
799 1213
1358 1213
2699 1213
3377 1213
4180 1213
4304 1213
6007 1213
285 1214
985 1214
2703 1223
4417 1223
4999 1223
5228 1223
2750 1225
2758 1225
1560 1231
2389 1231
3323 1232
3324 1232
3339 1233
5153 1233
3339 1234
3322 1235
3323 1235
3324 1235
5150 1235
5151 1235
5152 1235
5152 1236
397 1237
3352 1237
5305 1237
5531 1237
5595 1237
3846 1238
1773 1249
5491 1249
1056 1250
2694 1250
2775 1259
137 1260
363 1260
466 1260
3572 1260
5592 1260
765 1264
253 1267
543 1267
217 1268
438 1268
481 1268
700 1268
1882 1268
3534 1268
5830 1268
5883 1268
752 1270
2513 1270
2818 1274
4148 1274
5161 1274
287 1285
1071 1285
2543 1291
5507 1295
5628 1295
157 1298
420 1298
1001 1298
1164 1298
3354 1298
3377 1298
3802 1300
4977 1300
3380 1301
212 1302
700 1302
6138 1302
6139 1302
1026 1304
3227 1304
3167 1308
4416 1308
4417 1308
5170 1308
662 1316
1032 1316
3167 1316
1451 1317
2860 1317
3358 1317
3359 1317
5171 1317
1116 1318
2983 1318
3360 1318
3831 1318
4261 1318
2983 1319
3814 1319
3831 1319
3878 1319
5217 1319
5218 1319
2513 1320
2837 1320
2937 1320
3884 1320
412 1321
931 1321
3454 1321
3845 1321
3846 1321
5497 1321
5498 1321
441 1322
683 1322
772 1322
899 1322
936 1322
1093 1322
2922 1322
3835 1322
5185 1322
5186 1322
2787 1323
799 1324
2937 1324
130 1329
5509 1329
5510 1329
3155 1330
326 1331
828 1331
1071 1331
4438 1332
4173 1335
5229 1335
5230 1335
5257 1337
5259 1337
530 1338
4309 1341
5232 1341
3463 1342
4212 1342
931 1343
4091 1343
4633 1343
5479 1343
2763 1345
2767 1345
3486 1349
5507 1349
1213 1358
5744 1358
397 1365
3914 1365
441 1366
3357 1375
319 1380
5518 1380
1198 1385
2860 1386
5172 1386
5665 1386
2586 1388
3180 1388
4948 1388
3845 1389
3846 1389
5235 1389
3814 1391
3831 1391
5218 1391
5172 1393
5215 1393
5216 1393
5217 1393
5218 1393
3814 1395
5217 1395
5218 1395
2790 1401
2942 1401
124 1403
233 1403
150 1404
3814 1408
3831 1408
5215 1408
5216 1408
504 1410
3277 1410
3411 1410
5513 1410
5515 1411
5564 1411
5565 1411
5566 1411
359 1413
504 1413
131 1414
4125 1414
5328 1414
5329 1414
3380 1434
5178 1434
1596 1435
1823 1435
162 1439
232 1439
3846 1439
4744 1439
4817 1439
6132 1439
6153 1439
6154 1439
3835 1440
5135 1440
5179 1440
5180 1440
748 1441
1002 1441
1003 1441
5180 1441
5466 1441
5569 1441
5631 1441
777 1451
1317 1451
5196 1454
5378 1457
2745 1458
4644 1458
2525 1466
3596 1466
3865 1467
3666 1468
3714 1468
3941 1468
1584 1473
2543 1482
5449 1482
1881 1497
5347 1500
5348 1500
5182 1509
5183 1509
2478 1514
628 1517
5449 1519
2647 1528
3193 1528
4147 1530
472 1536
2808 1539
170 1547
5384 1547
5403 1547
1231 1560
287 1564
3272 1564
5428 1572
1473 1584
2449 1584
3840 1586
985 1589
5414 1589
5419 1589
2750 1590
3846 1592
1435 1596
5408 1606
480 1608
1107 1608
5824 1608
198 1622
738 1622
1158 1627
2960 1628
831 1629
5294 1634
5459 1634
5464 1634
788 1644
1158 1644
2881 1644
1158 1645
5410 1645
5411 1645
5316 1647
5435 1647
4143 1653
5398 1654
5401 1656
5402 1656
4212 1658
4505 1658
5371 1658
5372 1658
5456 1658
150 1659
5476 1659
5477 1659
5478 1660
3846 1663
3875 1663
428 1669
699 1669
5351 1669
5421 1669
3193 1673
3940 1676
3846 1682
2874 1711
3045 1711
891 1712
2599 1712
3045 1712
5203 1712
3865 1719
149 1721
736 1721
5382 1723
2864 1741
4399 1753
5463 1759
5464 1759
3380 1764
897 1773
1249 1773
891 1776
1071 1781
2526 1794
122 1798
1198 1798
5205 1813
3835 1816
5372 1817
4409 1819
1435 1823
5451 1823
506 1837
4549 1842
5483 1842
4070 1844
4143 1845
3278 1850
3865 1855
562 1860
217 1865
4751 1865
4752 1865
5301 1865
5371 1865
1158 1874
3193 1874
2943 1877
3384 1877
3385 1877
5368 1878
1497 1881
1268 1882
5281 1885
3314 1888
4121 1888
1101 1890
5828 1890
5883 1890
3368 1891
1187 1905
2606 1905
4131 1905
3255 1912
2511 1928
5377 1936
5378 1936
4753 1949
3530 1961
3844 1961
5704 1961
918 1982
2939 1986
4593 1986
5396 2002
5397 2002
39 2005
856 2005
5354 2005
5355 2005
5829 2005
2857 2007
3255 2007
5446 2007
5447 2007
5448 2007
287 2010
1071 2010
5428 2026
3202 2037
3354 2037
5397 2086
5398 2086
5350 2092
5355 2092
5308 2117
930 2119
1032 2119
703 2153
185 2154
5202 2154
5407 2154
5368 2156
5420 2156
1032 2186
5474 2194
5481 2194
5341 2219
5342 2219
3982 2238
16 2251
4409 2253
5367 2274
5368 2274
2599 2287
3312 2287
4204 2287
2599 2307
2885 2307
4073 2307
2943 2324
5316 2324
5281 2342
1198 2367
1023 2377
638 2383
2511 2383
562 2384
1127 2384
4850 2384
1231 2389
3994 2389
5392 2413
5363 2419
5445 2419
3463 2431
4013 2431
5209 2431
5210 2431
122 2440
420 2440
122 2441
1584 2449
2949 2469
3119 2469
4162 2469
4446 2469
4447 2469
5414 2472
3001 2475
3572 2475
3775 2475
1514 2478
5427 2483
5428 2483
462 2490
3384 2490
1115 2505
1928 2511
2383 2511
150 2512
2703 2512
4495 2512
5186 2512
5247 2512
5305 2512
5529 2512
1270 2513
1320 2513
3298 2513
4191 2513
5490 2513
5541 2513
5548 2513
5506 2520
5521 2520
5624 2520
1466 2525
2916 2525
3193 2525
3258 2525
3442 2525
1794 2526
2734 2526
4681 2526
3865 2527
4090 2529
423 2532
313 2534
313 2535
3899 2536
159 2540
1291 2543
1482 2543
2762 2545
3473 2545
3864 2545
4212 2546
2861 2547
4004 2547
3357 2550
5257 2550
5258 2550
2555 2551
159 2553
783 2553
2551 2555
1164 2561
5488 2562
5498 2562
526 2570
5269 2570
2623 2574
4405 2574
4944 2574
228 2577
2942 2579
863 2586
1174 2586
1388 2586
3193 2587
3312 2587
447 2593
245 2597
3802 2598
4144 2598
477 2599
1712 2599
2287 2599
2307 2599
3802 2599
4974 2599
5242 2599
820 2600
2766 2600
1905 2606
5776 2606
2887 2615
2939 2615
3471 2615
3502 2615
435 2618
221 2619
818 2619
5323 2620
6018 2620
6019 2620
6020 2620
1149 2621
3914 2621
4550 2621
5070 2621
5255 2621
5256 2621
5257 2621
5516 2621
5523 2621
5524 2621
5553 2621
5605 2621
5609 2621
3357 2622
5258 2622
6021 2622
139 2623
751 2623
752 2623
2574 2623
2797 2623
2798 2623
379 2625
1004 2625
1148 2625
5008 2625
4362 2626
5544 2626
3991 2627
5182 2627
5261 2627
4116 2628
264 2629
185 2631
226 2631
340 2631
1139 2631
5403 2631
6028 2631
3368 2632
4094 2632
3991 2633
130 2634
5510 2634
3622 2636
2751 2638
6058 2638
2751 2639
203 2640
819 2640
878 2640
6179 2640
507 2643
484 2644
726 2644
5877 2644
960 2647
1528 2647
987 2648
128 2649
203 2649
245 2649
246 2649
273 2649
670 2650
795 2650
319 2651
520 2651
754 2651
3622 2658
5812 2658
5821 2658
5298 2660
182 2662
952 2662
418 2664
437 2664
819 2664
6024 2666
6114 2666
5909 2669
6012 2669
6013 2669
1140 2673
5568 2676
161 2679
221 2679
5272 2680
3301 2681
438 2683
5707 2683
2703 2688
5635 2689
5636 2689
850 2692
1250 2694
5438 2694
289 2695
777 2695
5469 2695
436 2696
437 2696
294 2697
436 2697
437 2697
2790 2698
2791 2698
539 2699
543 2699
1213 2699
150 2703
468 2703
1223 2703
2512 2703
2688 2703
2734 2703
5610 2703
340 2704
634 2704
680 2706
745 2706
913 2706
5860 2706
6100 2706
466 2708
861 2708
4655 2708
5309 2708
5794 2708
199 2709
638 2709
758 2711
5596 2711
5712 2711
198 2712
770 2712
1079 2712
5596 2712
529 2718
3802 2720
162 2730
507 2730
4289 2730
161 2731
214 2731
507 2731
4940 2733
170 2734
546 2734
2526 2734
2703 2734
6158 2734
6020 2737
6021 2737
342 2742
1062 2742
208 2744
506 2744
6144 2744
328 2745
1458 2745
5998 2745
481 2746
339 2750
1225 2750
1590 2750
2638 2751
2639 2751
205 2752
388 2752
786 2752
855 2752
861 2752
5267 2752
5268 2752
5295 2752
5297 2752
5762 2752
5763 2752
879 2756
5337 2757
1225 2758
782 2759
5869 2759
5903 2759
208 2762
430 2762
677 2762
2545 2762
614 2763
1345 2763
3434 2763
4426 2763
5865 2763
4426 2764
5865 2764
2600 2766
2798 2766
1345 2767
3434 2767
4426 2768
519 2769
1199 2769
5981 2771
5982 2771
76 2774
297 2775
820 2775
1259 2775
159 2777
689 2777
5739 2778
4938 2780
5594 2780
577 2781
594 2781
3644 2781
411 2783
1323 2787
5334 2788
2867 2789
1401 2790
2698 2790
2698 2791
2623 2797
2623 2798
2766 2798
313 2801
468 2807
346 2808
482 2808
858 2808
1205 2808
1539 2808
548 2810
658 2810
794 2810
633 2811
1164 2812
276 2813
1274 2818
5309 2823
6071 2823
5869 2825
1032 2826
5327 2826
5334 2826
5335 2826
4125 2827
5324 2827
5326 2827
5327 2827
5328 2827
235 2828
4393 2828
484 2829
126 2831
311 2834
367 2834
310 2835
3802 2835
254 2837
902 2837
1320 2837
3807 2839
843 2841
1092 2843
5330 2848
5331 2848
2986 2849
3319 2849
4369 2849
5329 2853
5330 2853
5331 2853
5332 2853
5333 2853
5626 2853
2007 2857
5292 2859
1317 2860
1386 2860
3485 2860
139 2861
260 2861
265 2861
313 2861
332 2861
416 2861
428 2861
447 2861
820 2861
1032 2861
2547 2861
5296 2861
5297 2861
5469 2861
5694 2861
5824 2861
5886 2861
5934 2861
5950 2861
6045 2861
6046 2861
6148 2861
671 2863
777 2863
1741 2864
316 2865
578 2865
776 2865
5556 2865
564 2867
577 2867
2789 2867
217 2873
295 2873
5301 2873
5302 2873
217 2874
348 2874
508 2874
518 2874
794 2874
1711 2874
5302 2874
6011 2874
6012 2874
280 2875
5302 2875
6096 2875
1184 2876
428 2877
850 2877
3644 2877
1644 2881
3644 2881
4362 2882
208 2885
2307 2885
941 2886
5849 2886
5948 2886
6058 2886
150 2887
2615 2887
5186 2887
5247 2887
5332 2887
276 2888
638 2890
6084 2891
6085 2891
235 2892
5491 2892
6084 2893
5519 2900
5595 2900
1023 2906
316 2908
474 2908
700 2908
710 2908
898 2908
5977 2909
5978 2909
847 2916
849 2916
899 2916
901 2916
2525 2916
3914 2916
5557 2916
170 2917
218 2917
255 2917
527 2917
6029 2917
6110 2917
326 2918
336 2919
158 2922
1322 2922
5289 2922
5311 2922
6172 2922
277 2923
6006 2925
561 2937
577 2937
846 2937
1320 2937
1324 2937
3276 2937
5185 2937
5513 2937
5553 2937
294 2939
305 2939
436 2939
1986 2939
2615 2939
5471 2939
5491 2939
503 2942
747 2942
859 2942
1401 2942
2579 2942
5185 2942
5489 2942
5589 2942
5590 2942
5641 2942
1877 2943
2324 2943
946 2949
2469 2949
5573 2949
441 2953
539 2953
726 2953
5789 2954
5290 2956
5317 2956
5318 2956
5593 2956
232 2957
359 2957
3643 2957
311 2959
313 2959
498 2959
610 2959
182 2960
1628 2960
493 2962
497 2962
498 2962
4633 2962
5479 2962
5490 2962
6019 2962
6020 2962
6021 2962
5294 2965
5460 2965
305 2982
325 2982
436 2982
5309 2982
5751 2982
5874 2982
1318 2983
1319 2983
436 2985
437 2985
5333 2985
5334 2985
6085 2985
438 2986
680 2986
700 2986
736 2986
2849 2986
5335 2986
5707 2986
6055 2986
236 2991
518 2991
4558 2991
1032 2992
5335 2992
325 2993
342 2993
472 2993
539 2993
1062 2993
5332 2993
1062 2994
6121 2994
6012 3000
2475 3001
295 3004
469 3004
520 3004
5330 3005
5331 3005
5332 3005
5333 3005
5334 3005
136 3007
555 3007
280 3011
5281 3035
5358 3035
5359 3035
5360 3035
5366 3038
5367 3038
5368 3038
254 3041
623 3041
5782 3041
5827 3041
1711 3045
1712 3045
5373 3045
5370 3047
5373 3048
783 3063
492 3099
5483 3099
5472 3114
2469 3119
5368 3119
5975 3119
1330 3155
122 3156
199 3159
370 3161
495 3161
5603 3162
5604 3162
241 3163
5605 3163
346 3166
783 3166
924 3166
1308 3167
1316 3167
3713 3168
4682 3168
5500 3169
763 3171
5479 3171
5919 3171
241 3173
440 3173
5655 3174
3523 3175
1388 3180
402 3182
211 3188
397 3188
777 3188
902 3190
305 3191
194 3192
1037 3192
297 3193
313 3193
495 3193
541 3193
1528 3193
1673 3193
1874 3193
2525 3193
2587 3193
469 3194
5913 3194
3543 3195
1165 3196
4577 3197
872 3201
3599 3201
263 3202
492 3202
1175 3202
2037 3202
4549 3202
5527 3202
5621 3202
3592 3203
5517 3203
397 3211
470 3211
856 3211
1111 3211
5310 3211
5996 3211
5503 3217
6055 3219
441 3221
282 3223
704 3223
5716 3224
1018 3227
1304 3227
5527 3227
5479 3228
5490 3228
5544 3228
6167 3228
6168 3228
6169 3228
234 3230
170 3233
440 3239
441 3239
578 3239
634 3239
772 3239
848 3239
849 3239
603 3241
4633 3246
5513 3246
5608 3246
5632 3246
799 3255
1912 3255
2007 3255
5418 3255
5419 3255
294 3258
580 3258
2525 3258
5557 3258
228 3259
1190 3259
5501 3259
5503 3259
573 3262
497 3270
6159 3271
233 3272
1564 3272
5556 3274
5893 3274
5368 3275
2937 3276
1410 3277
1125 3278
1850 3278
5571 3278
441 3280
5465 3280
5635 3281
339 3288
467 3288
5582 3288
5583 3288
403 3289
577 3289
584 3290
5492 3291
5186 3292
6065 3296
6066 3296
136 3297
294 3297
340 3297
481 3297
731 3297
756 3297
5490 3297
5544 3297
5722 3297
5733 3297
5797 3297
481 3298
2513 3298
5584 3298
5585 3298
5586 3298
5819 3298
136 3299
294 3299
340 3299
481 3299
2681 3301
176 3302
301 3302
611 3302
928 3302
5587 3302
5590 3302
412 3305
3592 3305
527 3308
5893 3308
6118 3308
6119 3308
2287 3312
2587 3312
5806 3312
6026 3312
6072 3312
203 3313
710 3313
450 3314
624 3314
773 3314
1888 3314
122 3319
2849 3319
6054 3319
6055 3319
1235 3322
1211 3323
1232 3323
1235 3323
1211 3324
1212 3324
1232 3324
1235 3324
990 3331
6012 3335
6013 3335
346 3338
1233 3339
1234 3339
359 3340
441 3340
725 3340
887 3340
5547 3340
6068 3340
155 3346
1126 3346
5707 3347
1237 3352
4549 3353
5537 3353
1298 3354
2037 3354
4520 3354
5505 3354
484 3356
379 3357
507 3357
1375 3357
2550 3357
2622 3357
1317 3358
1317 3359
1318 3360
5522 3361
5554 3361
228 3368
423 3368
1891 3368
2632 3368
5368 3368
5457 3368
562 3369
5698 3369
139 3371
440 3377
863 3377
1213 3377
1298 3377
5519 3377
5595 3377
1148 3378
5470 3378
5519 3378
5593 3378
1164 3379
5472 3379
1301 3380
1434 3380
1764 3380
6083 3380
4393 3383
646 3384
1877 3384
2490 3384
646 3385
1877 3385
226 3387
376 3387
6084 3387
1093 3389
4997 3389
147 3397
5490 3397
176 3398
611 3398
747 3398
926 3398
5490 3398
745 3403
772 3403
441 3407
751 3407
1190 3407
150 3409
4371 3409
5472 3409
1022 3410
1410 3411
309 3412
684 3412
1106 3412
5990 3412
214 3413
411 3413
564 3413
3523 3427
4184 3427
4713 3427
559 3428
3801 3428
282 3429
4183 3429
5472 3429
470 3433
241 3434
2763 3434
2767 3434
800 3435
472 3436
1141 3436
3643 3436
5519 3436
6023 3436
839 3438
346 3441
5296 3441
5989 3441
2525 3442
5306 3442
5557 3442
5954 3442
159 3445
814 3445
344 3452
744 3453
1321 3454
5951 3458
208 3461
228 3461
501 3461
429 3463
1184 3463
1342 3463
2431 3463
3582 3463
5291 3463
602 3466
1029 3466
2615 3471
5491 3471
2545 3473
4223 3477
4656 3477
5789 3477
5790 3477
5687 3481
5770 3481
5771 3481
702 3485
808 3485
2860 3485
5665 3485
281 3486
282 3486
1349 3486
5675 3486
5728 3489
5748 3489
5749 3489
174 3496
5728 3496
5748 3496
5749 3496
5728 3499
5749 3499
2615 3502
5185 3502
5471 3502
5185 3503
5491 3503
5490 3506
711 3520
5723 3520
5726 3520
3175 3523
3427 3523
1961 3530
319 3531
930 3534
1268 3534
3195 3543
441 3544
441 3546
5509 3546
3835 3547
643 3557
161 3572
162 3572
378 3572
1260 3572
2475 3572
5949 3572
5688 3581
820 3582
898 3582
3463 3582
88 3587
5758 3587
287 3589
1093 3589
230 3592
401 3592
836 3592
868 3592
3203 3592
3305 3592
1466 3596
5188 3596
5466 3597
287 3599
1008 3599
3201 3599
2636 3622
2658 3622
4399 3622
5718 3634
439 3640
2957 3643
3436 3643
2781 3644
2877 3644
2881 3644
3816 3644
3886 3644
4070 3644
4494 3644
4688 3644
5269 3644
5504 3644
5797 3662
1468 3666
281 3676
282 3676
3168 3713
711 3714
1468 3714
235 3733
858 3744
1186 3744
4860 3745
2475 3775
153 3793
213 3793
307 3793
3428 3801
292 3802
1300 3802
2598 3802
2599 3802
2720 3802
2835 3802
2839 3807
5368 3807
208 3808
313 3808
474 3813
6145 3813
379 3814
1319 3814
1391 3814
1395 3814
1408 3814
5796 3814
6015 3815
583 3816
3644 3816
5953 3816
5894 3817
5996 3817
438 3824
5310 3824
342 3825
5450 3825
5460 3825
5758 3825
5850 3825
5927 3825
469 3826
5712 3826
124 3827
501 3831
1318 3831
1319 3831
1391 3831
1408 3831
137 3832
728 3833
5368 3833
5758 3833
5875 3833
5933 3833
1322 3835
1440 3835
1816 3835
3547 3835
5832 3837
877 3840
1586 3840
5811 3841
379 3844
469 3844
935 3844
1120 3844
1961 3844
4656 3844
5754 3844
6090 3844
186 3845
430 3845
1321 3845
1389 3845
4223 3845
4970 3845
5718 3845
5813 3845
6096 3845
214 3846
233 3846
1238 3846
1321 3846
1389 3846
1439 3846
1592 3846
1663 3846
1682 3846
5311 3846
6096 3846
5928 3847
281 3848
380 3848
748 3848
843 3848
5677 3848
5713 3848
6026 3849
481 3850
935 3850
346 3851
636 3858
670 3858
124 3862
249 3862
1032 3863
5286 3863
777 3864
2545 3864
5584 3864
1199 3865
1203 3865
1467 3865
1719 3865
1855 3865
2527 3865
5428 3866
6149 3866
583 3867
5733 3867
5749 3871
5770 3871
5298 3873
264 3875
483 3875
484 3875
1663 3875
5368 3875
180 3878
659 3878
1319 3878
467 3879
469 3881
317 3883
346 3883
451 3883
518 3883
6010 3883
6011 3883
1174 3884
1320 3884
223 3886
527 3886
711 3886
3644 3886
5760 3886
5800 3886
6051 3886
6179 3886
438 3887
275 3888
336 3888
5722 3888
336 3889
5756 3889
5812 3889
518 3890
444 3895
2536 3899
562 3902
503 3903
5704 3903
5751 3903
503 3908
1111 3908
5789 3908
155 3911
484 3911
727 3911
1365 3914
2621 3914
2916 3914
5460 3914
610 3925
230 3926
275 3926
360 3926
795 3926
388 3928
960 3928
783 3930
6119 3930
5716 3932
160 3934
555 3934
624 3934
6164 3935
6162 3936
6163 3936
1676 3940
5761 3940
1468 3941
5788 3941
96 3951
5510 3951
6094 3951
429 3952
4001 3953
1148 3955
6094 3964
6095 3964
367 3967
379 3973
469 3973
589 3973
199 3976
5986 3976
5351 3979
579 3981
2238 3982
6125 3982
196 3985
276 3985
282 3987
516 3987
762 3990
5306 3990
5385 3990
5457 3990
6007 3990
6151 3990
2627 3991
2633 3991
4656 3992
717 3993
786 3993
813 3993
5839 3993
2389 3994
6096 3999
6024 4000
877 4001
3953 4001
2547 4004
5839 4004
346 4008
438 4008
4684 4008
5926 4008
2431 4013
5821 4016
203 4017
5772 4017
5976 4017
124 4023
604 4023
774 4023
178 4025
235 4025
428 4025
1106 4025
5772 4025
6014 4025
6074 4025
583 4028
5836 4028
5934 4028
182 4029
305 4029
310 4029
5841 4029
5835 4030
5840 4035
5841 4035
875 4037
179 4038
875 4038
876 4039
179 4040
480 4040
5503 4043
5860 4043
6071 4047
228 4060
231 4060
289 4060
5724 4061
1844 4070
3644 4070
5443 4070
170 4071
5729 4071
5749 4071
5842 4071
2307 4073
5492 4073
5812 4073
2529 4090
1343 4091
360 4092
2632 4094
1184 4097
314 4103
518 4108
823 4108
5695 4108
5772 4111
5806 4111
421 4113
2628 4116
4128 4119
431 4121
1888 4121
194 4122
342 4122
1414 4125
2827 4125
319 4126
672 4126
5715 4126
5755 4126
935 4128
4119 4128
5721 4129
5722 4129
5733 4129
5797 4129
5722 4130
5733 4130
952 4131
1905 4131
562 4132
1003 4132
5793 4132
6131 4133
5759 4136
305 4139
987 4142
1653 4143
1845 4143
2598 4144
1199 4147
1530 4147
1274 4148
564 4153
6121 4160
6124 4160
541 4161
5853 4161
5854 4161
6107 4161
496 4162
2469 4162
5460 4162
726 4163
859 4163
5694 4163
5758 4163
265 4166
6165 4170
332 4172
480 4172
970 4172
6123 4172
6124 4172
159 4173
1335 4173
5827 4173
5718 4174
484 4176
518 4176
5877 4176
1213 4180
201 4181
5309 4181
562 4182
700 4183
3429 4183
3427 4184
5861 4185
5606 4186
6140 4186
6098 4188
6105 4188
6013 4189
6014 4189
542 4191
2513 4191
172 4192
526 4192
699 4192
699 4194
760 4197
5556 4197
230 4201
313 4203
1106 4203
2287 4204
282 4208
658 4208
6129 4208
6164 4208
6165 4208
122 4209
872 4209
5628 4209
152 4211
265 4212
1342 4212
1658 4212
2546 4212
768 4215
823 4215
903 4215
5390 4215
6110 4215
6169 4215
903 4216
5868 4216
398 4217
467 4217
777 4217
5305 4217
5418 4217
5875 4217
6111 4217
529 4218
704 4218
170 4222
285 4222
416 4222
501 4222
565 4222
6087 4222
6088 4222
542 4223
3477 4223
3845 4223
5830 4224
5563 4226
5997 4226
416 4237
1004 4237
6026 4237
6072 4237
6121 4237
6123 4237
5990 4239
170 4241
5322 4241
6014 4246
347 4247
312 4252
5824 4252
786 4255
958 4255
152 4257
159 4258
417 4258
1318 4261
280 4269
283 4269
471 4269
212 4271
564 4271
5917 4271
810 4273
758 4277
5460 4282
5573 4282
6016 4282
170 4284
561 4284
573 4284
638 4284
5875 4284
5918 4285
5919 4285
700 4286
929 4286
5611 4286
2730 4289
897 4290
5878 4290
5877 4291
5414 4294
5985 4294
235 4295
338 4302
518 4304
1213 4304
1341 4309
240 4310
379 4328
768 4328
5556 4331
5713 4336
161 4337
238 4337
445 4337
5305 4337
5949 4337
340 4339
481 4339
309 4346
314 4346
455 4346
482 4346
736 4346
5703 4346
5707 4351
2626 4362
2882 4362
5297 4367
2849 4369
3409 4371
782 4376
821 4376
430 4391
218 4392
549 4392
565 4392
636 4392
795 4392
843 4392
5901 4392
1166 4393
2828 4393
3383 4393
233 4395
524 4399
1753 4399
3622 4399
5931 4399
831 4400
2574 4405
1819 4409
2253 4409
5288 4414
272 4415
496 4415
1081 4415
1308 4416
1223 4417
1308 4417
5710 4424
294 4426
800 4426
2763 4426
2764 4426
2768 4426
800 4427
1332 4438
2469 4446
5296 4446
5460 4446
5959 4446
6077 4446
6078 4446
2469 4447
5297 4447
5460 4447
5959 4447
6078 4447
467 4448
831 4448
6035 4451
1063 4454
538 4465
6168 4465
1064 4467
273 4478
505 4478
530 4480
552 4480
743 4480
174 4482
288 4482
710 4482
203 4494
3644 4494
5403 4494
5696 4494
2512 4495
380 4496
843 4496
4612 4496
5878 4496
5910 4496
1658 4505
265 4513
6005 4513
6006 4513
799 4520
3354 4520
212 4528
1174 4534
424 4535
552 4535
831 4535
5613 4535
5700 4535
700 4549
1842 4549
3202 4549
3353 4549
436 4550
2621 4550
285 4555
444 4555
305 4556
2991 4558
858 4565
305 4577
541 4577
951 4577
3197 4577
140 4584
5716 4585
850 4593
1205 4593
1986 4593
313 4612
4496 4612
661 4613
314 4615
623 4615
294 4616
516 4616
541 4616
786 4617
826 4618
768 4624
4917 4624
5410 4628
6146 4628
88 4633
868 4633
1343 4633
2962 4633
3246 4633
6155 4633
5929 4641
5930 4641
524 4642
539 4642
1458 4644
5964 4644
539 4646
2708 4655
497 4656
928 4656
3477 4656
3844 4656
3992 4656
311 4662
610 4662
5306 4662
6034 4662
155 4663
311 4663
610 4663
6007 4663
162 4664
218 4664
311 4664
218 4665
316 4677
361 4680
5510 4680
2526 4681
3168 4682
5959 4682
4008 4684
3644 4688
178 4690
340 4703
437 4703
438 4703
5403 4704
5556 4704
5878 4704
6063 4704
6064 4704
6084 4704
6085 4704
185 4705
788 4705
1139 4705
5878 4705
176 4708
430 4708
561 4708
611 4708
677 4708
680 4708
843 4708
929 4708
126 4711
5620 4712
3427 4713
1439 4744
1032 4745
1865 4751
1865 4752
1949 4753
291 4754
684 4754
130 4756
234 4756
525 4756
346 4763
5296 4763
1174 4764
224 4780
416 4780
293 4781
5469 4801
590 4803
680 4812
700 4812
5900 4812
295 4816
519 4816
1439 4817
136 4821
5990 4821
5988 4823
359 4833
444 4833
2384 4850
485 4860
518 4860
3745 4860
6110 4865
6161 4865
941 4870
5849 4870
4624 4917
589 4918
5606 4918
331 4923
2780 4938
2733 4940
124 4943
518 4943
2574 4944
1174 4948
1388 4948
6145 4953
170 4962
5390 4962
6169 4962
3845 4970
2599 4974
1300 4977
282 4995
378 4995
282 4996
378 4996
3389 4997
631 4999
1223 4999
5322 5000
2625 5008
638 5031
5368 5046
6067 5048
6068 5048
199 5070
261 5070
2621 5070
233 5072
518 5076
5460 5076
281 5077
342 5077
367 5081
452 5086
646 5086
647 5086
659 5087
666 5088
666 5089
667 5089
666 5090
667 5090
668 5090
294 5093
1150 5095
280 5098
615 5098
264 5102
264 5103
311 5110
368 5112
233 5113
431 5114
234 5116
408 5120
768 5126
768 5127
837 5127
311 5133
506 5135
1440 5135
208 5136
891 5136
437 5137
1060 5137
139 5139
295 5143
364 5143
364 5144
1141 5148
1235 5150
1235 5151
1211 5152
1235 5152
1236 5152
1211 5153
1212 5153
1233 5153
1211 5154
1212 5154
1211 5155
1212 5155
1211 5156
1212 5156
1274 5161
411 5166
1308 5170
1317 5171
1386 5172
1393 5172
1434 5178
1212 5179
1440 5179
1212 5180
1440 5180
1441 5180
1509 5182
2627 5182
1509 5183
398 5184
605 5184
5893 5184
677 5185
1322 5185
2937 5185
2942 5185
3502 5185
3503 5185
518 5186
1322 5186
2512 5186
2887 5186
3292 5186
3596 5188
5457 5188
789 5190
5736 5190
1454 5196
2154 5202
1712 5203
1813 5205
2431 5209
2431 5210
799 5211
1393 5215
1408 5215
501 5216
1393 5216
1408 5216
285 5217
1319 5217
1393 5217
1395 5217
1319 5218
1391 5218
1393 5218
1395 5218
1164 5219
1164 5225
1223 5228
1335 5229
1335 5230
1341 5232
1389 5235
2599 5242
2512 5247
2887 5247
2621 5255
2621 5256
1337 5257
2550 5257
2621 5257
2550 5258
2622 5258
1337 5259
2627 5261
2752 5267
2752 5268
294 5269
806 5269
2570 5269
3644 5269
6177 5269
6178 5269
2680 5272
1885 5281
2342 5281
3035 5281
3863 5286
4414 5288
369 5289
810 5289
2922 5289
5494 5289
2956 5290
820 5291
823 5291
3463 5291
2859 5292
1634 5294
2965 5294
2752 5295
105 5296
2861 5296
3441 5296
4446 5296
4763 5296
89 5297
105 5297
2752 5297
2861 5297
4367 5297
4447 5297
2660 5298
3873 5298
541 5301
1004 5301
1090 5301
1865 5301
2873 5301
2873 5302
2874 5302
2875 5302
378 5305
1237 5305
2512 5305
4217 5305
4337 5305
3442 5306
3990 5306
4662 5306
321 5308
2117 5308
841 5309
2708 5309
2823 5309
2982 5309
4181 5309
300 5310
618 5310
3211 5310
3824 5310
2922 5311
3846 5311
1647 5316
2324 5316
2956 5317
2956 5318
525 5319
6246 5319
4241 5322
5000 5322
2620 5323
2827 5324
2827 5326
2826 5327
2827 5327
1414 5328
2827 5328
1414 5329
2853 5329
2848 5330
2853 5330
3005 5330
2848 5331
2853 5331
3005 5331
1151 5332
2853 5332
2887 5332
2993 5332
3005 5332
1151 5333
2853 5333
2985 5333
3005 5333
1151 5334
2788 5334
2826 5334
2985 5334
3005 5334
1194 5335
2826 5335
2986 5335
2992 5335
2757 5337
2219 5341
2219 5342
1500 5347
1500 5348
2092 5350
1669 5351
3979 5351
2005 5354
2005 5355
2092 5355
3035 5358
3035 5359
3035 5360
2419 5363
3038 5366
2274 5367
3038 5367
1137 5368
1878 5368
2156 5368
2274 5368
3038 5368
3119 5368
3275 5368
3368 5368
3807 5368
3833 5368
3875 5368
5046 5368
5550 5368
5551 5368
3047 5370
1658 5371
1865 5371
874 5372
1658 5372
1817 5372
3045 5373
3048 5373
20 5375
1936 5377
1457 5378
1936 5378
1723 5382
1547 5384
3990 5385
4215 5390
4962 5390
2413 5392
2002 5396
2002 5397
2086 5397
1654 5398
2086 5398
1656 5401
1656 5402
49 5403
1547 5403
2631 5403
4494 5403
4704 5403
2154 5407
1606 5408
1645 5410
4628 5410
1645 5411
1589 5414
2472 5414
4294 5414
144 5416
262 5416
5917 5416
212 5417
3255 5418
4217 5418
1589 5419
3255 5419
2156 5420
1669 5421
2483 5427
1572 5428
2026 5428
2483 5428
3866 5428
20 5434
1647 5435
2694 5438
16 5442
4070 5443
2419 5445
2007 5446
107 5447
2007 5447
2007 5448
1482 5449
1519 5449
3825 5450
990 5451
1823 5451
1658 5456
625 5457
3368 5457
3990 5457
5188 5457
1634 5459
897 5460
2965 5460
3825 5460
3914 5460
4162 5460
4282 5460
4446 5460
4447 5460
5076 5460
1759 5463
1634 5464
1759 5464
3280 5465
1441 5466
3597 5466
199 5467
261 5467
762 5467
6034 5467
500 5469
2695 5469
2861 5469
4801 5469
5692 5469
3378 5470
2939 5471
3502 5471
68 5472
199 5472
312 5472
3114 5472
3379 5472
3409 5472
3429 5472
5692 5472
2194 5474
1659 5476
1659 5477
1660 5478
1343 5479
2962 5479
3171 5479
3228 5479
2194 5481
766 5482
1842 5483
3099 5483
162 5485
203 5485
990 5485
2562 5488
2942 5489
868 5490
2513 5490
2962 5490
3228 5490
3297 5490
3397 5490
3398 5490
3506 5490
5824 5490
1249 5491
2892 5491
2939 5491
3471 5491
3503 5491
240 5492
1145 5492
3291 5492
4073 5492
783 5494
5289 5494
1321 5497
1321 5498
2562 5498
231 5499
5911 5499
3169 5500
194 5501
839 5501
872 5501
3259 5501
5584 5501
1015 5502
185 5503
527 5503
577 5503
806 5503
845 5503
3217 5503
3259 5503
4043 5503
3644 5504
6127 5504
6205 5504
3354 5505
2520 5506
327 5507
1166 5507
1295 5507
1349 5507
1329 5509
3546 5509
468 5510
803 5510
1329 5510
2634 5510
3951 5510
4680 5510
1410 5513
2937 5513
3246 5513
1411 5515
2621 5516
3203 5517
401 5518
1380 5518
840 5519
2900 5519
3377 5519
3378 5519
3436 5519
309 5520
501 5520
1004 5520
5878 5520
5880 5520
2520 5521
840 5522
3361 5522
518 5523
2621 5523
2621 5524
573 5527
3202 5527
3227 5527
5874 5527
2512 5529
1237 5531
436 5533
500 5533
1029 5533
430 5534
467 5537
773 5537
3353 5537
2513 5541
549 5542
601 5542
314 5543
868 5544
2626 5544
3228 5544
3297 5544
3340 5547
2513 5548
5678 5549
5368 5550
5368 5551
2621 5553
2937 5553
3361 5554
200 5556
233 5556
234 5556
365 5556
417 5556
523 5556
669 5556
784 5556
1004 5556
1128 5556
1139 5556
2865 5556
3274 5556
4197 5556
4331 5556
4704 5556
5621 5556
5791 5556
6226 5556
2916 5557
3258 5557
3442 5557
5900 5558
4226 5563
1411 5564
1411 5565
1411 5566
2676 5568
1441 5569
3278 5571
186 5573
496 5573
2949 5573
4282 5573
6189 5577
1166 5581
135 5582
162 5582
526 5582
3288 5582
135 5583
677 5583
3288 5583
5691 5583
313 5584
3298 5584
3864 5584
5501 5584
313 5585
3298 5585
5864 5585
3298 5586
3302 5587
2942 5589
2942 5590
3302 5590
1260 5592
2956 5593
3378 5593
2780 5594
1237 5595
2900 5595
3377 5595
573 5596
2711 5596
2712 5596
5701 5596
6034 5596
3162 5603
3162 5604
2621 5605
3163 5605
4186 5606
4918 5606
850 5608
3246 5608
2621 5609
2703 5610
159 5611
222 5611
789 5611
806 5611
4286 5611
4535 5613
185 5620
786 5620
836 5620
4712 5620
5893 5620
3202 5621
5556 5621
2520 5624
2853 5626
235 5628
773 5628
1295 5628
4209 5628
1441 5631
3246 5632
481 5634
2689 5635
3281 5635
868 5636
2689 5636
2942 5641
203 5649
305 5649
3174 5655
1386 5665
3485 5665
1197 5670
533 5671
545 5671
3486 5675
820 5677
1106 5677
3848 5677
5549 5678
786 5679
3481 5687
3581 5688
176 5691
611 5691
680 5691
5583 5691
344 5692
750 5692
1101 5692
5469 5692
5472 5692
6208 5692
272 5693
285 5694
728 5694
752 5694
2861 5694
4163 5694
5884 5694
773 5695
928 5695
4108 5695
4494 5696
515 5698
728 5698
3369 5698
990 5699
214 5700
380 5700
494 5700
4535 5700
198 5701
285 5701
319 5701
758 5701
5596 5701
5878 5701
279 5702
539 5702
680 5702
5712 5702
4346 5703
262 5704
294 5704
305 5704
496 5704
782 5704
1961 5704
3903 5704
5736 5704
5910 5704
6211 5704
469 5705
561 5705
5713 5705
2683 5707
2986 5707
3347 5707
4351 5707
726 5708
5736 5708
281 5710
285 5710
4424 5710
5877 5710
624 5711
734 5712
844 5712
864 5712
2711 5712
3826 5712
5702 5712
3848 5713
4336 5713
5705 5713
235 5714
604 5714
843 5714
575 5715
624 5715
4126 5715
5919 5715
1006 5716
3224 5716
3932 5716
4585 5716
162 5718
752 5718
1115 5718
3634 5718
3845 5718
4174 5718
5859 5718
4129 5721
3297 5722
3888 5722
4129 5722
4130 5722
3520 5723
6216 5723
4061 5724
3520 5726
3489 5728
3496 5728
3499 5728
4071 5729
1022 5730
3297 5733
3867 5733
4129 5733
4130 5733
928 5735
155 5736
162 5736
235 5736
240 5736
348 5736
684 5736
954 5736
1148 5736
5190 5736
5704 5736
5708 5736
348 5737
526 5737
684 5737
819 5737
954 5737
990 5737
736 5738
2778 5739
1094 5740
239 5742
1358 5744
150 5745
214 5745
874 5745
3489 5748
3496 5748
1107 5749
3489 5749
3496 5749
3499 5749
3871 5749
4071 5749
305 5751
2982 5751
3903 5751
928 5753
3844 5754
247 5755
448 5755
1004 5755
4126 5755
3889 5756
928 5757
3587 5758
3825 5758
3833 5758
4163 5758
503 5759
4136 5759
3886 5760
3940 5761
2752 5762
2752 5763
1106 5765
348 5767
845 5770
3481 5770
3871 5770
3481 5771
764 5772
4017 5772
4025 5772
4111 5772
2606 5776
3041 5782
161 5787
526 5787
549 5787
865 5787
3941 5788
2954 5789
3477 5789
3908 5789
3477 5790
5556 5791
5885 5791
4132 5793
2708 5794
766 5796
3814 5796
3297 5797
3662 5797
4129 5797
276 5800
3886 5800
561 5804
3312 5806
4111 5806
1099 5808
549 5809
5878 5809
3841 5811
203 5812
683 5812
2658 5812
3889 5812
4073 5812
3845 5813
3298 5819
2658 5821
4016 5821
294 5824
625 5824
862 5824
1006 5824
1608 5824
2861 5824
4252 5824
5490 5824
575 5825
1126 5825
3041 5827
4173 5827
1890 5828
2005 5829
280 5830
1268 5830
4224 5830
3837 5832
4030 5835
4028 5836
3993 5839
4004 5839
4035 5840
4029 5841
4035 5841
4071 5842
683 5843
2886 5849
4870 5849
3825 5850
612 5851
4161 5853
4161 5854
5718 5859
2706 5860
4043 5860
4185 5861
448 5864
748 5864
836 5864
5585 5864
5984 5864
994 5865
2763 5865
2764 5865
872 5868
4216 5868
148 5869
2759 5869
2825 5869
2982 5874
5527 5874
3833 5875
4217 5875
4284 5875
2644 5877
4176 5877
4291 5877
5710 5877
515 5878
603 5878
806 5878
891 5878
4290 5878
4496 5878
4704 5878
4705 5878
5520 5878
5701 5878
5809 5878
512 5879
174 5880
239 5880
994 5880
5520 5880
512 5883
1268 5883
1890 5883
212 5884
5694 5884
200 5885
702 5885
5791 5885
2861 5886
553 5893
3274 5893
3308 5893
5184 5893
5620 5893
745 5894
3817 5894
592 5900
1101 5900
1119 5900
4812 5900
5558 5900
5924 5900
462 5901
4392 5901
2759 5903
1106 5905
2669 5909
4496 5910
5704 5910
560 5911
5499 5911
167 5912
639 5912
363 5913
448 5913
530 5913
3194 5913
926 5915
4271 5917
5416 5917
4285 5918
3171 5919
4285 5919
5715 5919
500 5924
546 5924
561 5924
843 5924
5900 5924
4008 5926
3825 5927
3847 5928
305 5929
951 5929
4641 5929
313 5930
843 5930
4641 5930
4399 5931
422 5932
444 5932
3833 5933
2861 5934
4028 5934
6231 5936
526 5938
2886 5948
3572 5949
4337 5949
2861 5950
3458 5951
3816 5953
3442 5954
285 5957
379 5957
836 5959
4446 5959
4447 5959
4682 5959
4644 5964
1157 5974
3119 5975
4017 5976
2909 5977
2909 5978
2771 5981
2771 5982
5864 5984
4294 5985
634 5986
3976 5986
4823 5988
3441 5989
3412 5990
4239 5990
4821 5990
1187 5991
422 5992
3211 5996
3817 5996
4226 5997
2745 5998
625 5999
155 6000
361 6000
155 6005
4513 6005
2925 6006
4513 6006
625 6007
1213 6007
3990 6007
4663 6007
3883 6010
2874 6011
3883 6011
2669 6012
2874 6012
3000 6012
3335 6012
2669 6013
3335 6013
4189 6013
1076 6014
4025 6014
4189 6014
4246 6014
555 6015
3815 6015
4282 6016
2620 6018
2620 6019
2962 6019
2620 6020
2737 6020
2962 6020
2622 6021
2737 6021
2962 6021
3436 6023
2666 6024
4000 6024
3312 6026
3849 6026
4237 6026
2631 6028
2917 6029
341 6030
541 6030
703 6032
4662 6034
5467 6034
5596 6034
427 6035
4451 6035
162 6036
348 6044
526 6044
2861 6045
2861 6046
321 6047
3886 6051
378 6053
378 6054
3319 6054
2986 6055
3219 6055
3319 6055
2638 6058
2886 6058
1093 6061
4704 6063
4704 6064
3296 6065
587 6066
3296 6066
378 6067
777 6067
5048 6067
587 6068
777 6068
3340 6068
5048 6068
2823 6071
4047 6071
416 6072
3312 6072
4237 6072
4025 6074
4446 6077
4446 6078
4447 6078
136 6080
398 6080
429 6080
1146 6080
3380 6083
2891 6084
2893 6084
3387 6084
4704 6084
2891 6085
2985 6085
4704 6085
4222 6087
162 6088
4222 6088
990 6090
3844 6090
212 6092
541 6092
3951 6094
3964 6094
3964 6095
1006 6096
2875 6096
3845 6096
3846 6096
3999 6096
4188 6098
2706 6100
4188 6105
4161 6107
2917 6110
4215 6110
4865 6110
4217 6111
288 6113
398 6113
438 6113
477 6113
2666 6114
3308 6118
3308 6119
3930 6119
2994 6121
4160 6121
4237 6121
4172 6123
4237 6123
4160 6124
4172 6124
3982 6125
369 6127
5504 6127
4208 6129
4133 6131
1439 6132
504 6134
1302 6138
1093 6139
1302 6139
4186 6140
2744 6144
3813 6145
4953 6145
4628 6146
2861 6148
3866 6149
3990 6151
1439 6153
1439 6154
4633 6155
2734 6158
3271 6159
4865 6161
3936 6162
3936 6163
3935 6164
4208 6164
4170 6165
4208 6165
3228 6167
3228 6168
4465 6168
3228 6169
4215 6169
4962 6169
2922 6172
5269 6177
5269 6178
2640 6179
3886 6179
422 6189
5577 6189
422 6193
423 6199
875 6200
422 6201
444 6201
147 6202
444 6202
987 6202
422 6205
5504 6205
753 6207
5692 6208
484 6210
5704 6211
601 6215
5723 6216
711 6219
342 6221
512 6223
462 6226
1106 6226
5556 6226
423 6228
5936 6231
380 6234
326 6236
469 6239
5319 6246
751 6250
